# 1. proc label     2. energy            3. bias correction   4. time
              0    -1.033143454297e+00   5.769319758295e-04   7.1924e+04
              1    -1.037211418161e+00   5.463709124012e-04   7.1871e+04
              2    -1.007904680508e+00   5.409065370931e-04   7.7182e+04
              3    -1.034679223262e+00   5.844490756408e-04   7.3032e+04
              4    -1.064636374214e+00   7.285566581291e-04   8.1549e+04
              5    -1.054530616281e+00   7.702670869919e-04   8.1270e+04
              6    -1.031023019883e+00   4.926462975744e-04   7.3409e+04
              7    -1.094763215851e+00   6.795547403110e-04   7.6033e+04
              8    -1.069169896518e+00   5.894817574815e-04   8.1485e+04
              9    -1.017280074766e+00   5.127723612025e-04   7.5891e+04
             10    -1.044305288977e+00   7.575248142055e-04   7.6907e+04
             11    -1.055363280023e+00   7.136950305976e-04   7.5229e+04
             12    -1.033951951999e+00   5.467816676324e-04   7.1526e+04
             13    -1.026729426442e+00   6.688478222508e-04   7.0722e+04
             14    -1.051585846615e+00   6.459685758829e-04   7.9089e+04
             15    -1.058714028333e+00   6.991605465732e-04   7.9517e+04
             16    -1.056109778282e+00   7.486920255425e-04   8.4391e+04
             17    -1.077957189339e+00   7.106232974013e-04   7.1147e+04
             18    -1.028392400477e+00   5.779716695138e-04   7.8688e+04
             19    -1.052627194524e+00   6.996870531357e-04   7.0320e+04
             20    -1.016629168124e+00   5.208749523929e-04   6.6998e+04
             21    -1.031354073590e+00   5.313409479263e-04   7.7052e+04
             22    -1.037993515834e+00   5.195112457250e-04   7.2316e+04
             23    -1.023939769936e+00   5.564206339134e-04   7.1809e+04
             24    -1.033233553742e+00   5.343502961566e-04   7.3554e+04
             25    -1.077775160939e+00   6.655830661269e-04   7.3814e+04
             26    -1.051206492589e+00   6.498314644237e-04   8.1309e+04
             27    -1.025955726084e+00   5.317817316866e-04   7.4231e+04
             28    -1.090848519005e+00   7.497430750019e-04   8.0498e+04
             29    -1.068610820911e+00   5.927402284625e-04   7.9098e+04
             30    -1.027616793018e+00   6.028645469770e-04   7.4335e+04
             31    -1.055385113277e+00   6.804388705949e-04   8.0475e+04
             32    -1.050526738658e+00   5.844066737775e-04   7.2409e+04
             33    -1.046839260124e+00   6.554208800875e-04   7.4498e+04
             34    -1.047668112851e+00   6.215338740169e-04   7.7114e+04
             35    -1.055646400943e+00   7.259876549106e-04   7.8061e+04
             36    -1.073619995428e+00   6.179147089607e-04   6.8068e+04
             37    -1.043782911125e+00   6.930170943835e-04   7.3895e+04
             38    -1.057582372546e+00   7.340781222648e-04   7.2213e+04
             39    -1.017764079600e+00   5.390005032680e-04   7.9776e+04
             40    -9.951868634217e-01   4.598558862234e-04   7.2081e+04
             41    -1.045921558291e+00   7.531837867010e-04   7.6803e+04
             42    -1.030863743462e+00   5.522598314671e-04   7.3417e+04
             43    -1.043468535909e+00   6.782225693326e-04   7.7975e+04
             44    -1.058519017974e+00   6.666339442736e-04   7.7271e+04
             45    -9.978574494129e-01   5.004129812801e-04   7.0540e+04
             46    -1.058172808395e+00   7.623911256784e-04   7.7784e+04
             47    -1.060367052835e+00   7.126212474177e-04   8.1436e+04
             48    -1.037765241221e+00   5.995803197925e-04   6.8761e+04
             49    -1.046840753316e+00   7.078007271050e-04   7.4580e+04
             50    -1.043056206525e+00   5.659699076536e-04   7.1993e+04
             51    -1.045105918253e+00   6.088799355346e-04   7.4275e+04
             52    -1.030780979234e+00   6.192672368208e-04   7.7902e+04
             53    -1.054823664582e+00   7.336852071311e-04   7.3048e+04
             54    -1.012055126177e+00   5.891172903585e-04   7.1302e+04
             55    -1.073667111802e+00   6.102551485771e-04   7.6260e+04
             56    -1.052329368937e+00   6.481646091135e-04   7.7190e+04
             57    -1.075282517634e+00   6.813643067180e-04   7.0728e+04
             58    -1.031850696485e+00   5.925131673392e-04   7.2910e+04
             59    -1.056075310465e+00   5.625625445311e-04   7.2638e+04
             60    -1.001220229478e+00   5.080825686251e-04   7.3661e+04
             61    -1.035317584571e+00   5.590211371733e-04   7.0887e+04
             62    -1.020531319345e+00   5.204786484120e-04   7.7122e+04
             63    -1.046987842660e+00   5.743807578990e-04   7.3558e+04
             64    -1.019544876739e+00   5.282547459434e-04   7.9529e+04
             65    -1.003447812624e+00   5.541972994586e-04   6.8889e+04
             66    -1.078032880377e+00   7.147216204168e-04   8.0784e+04
             67    -1.038365676529e+00   5.659866559330e-04   7.5396e+04
             68    -1.012757097346e+00   5.800772982797e-04   7.3511e+04
             69    -1.052007264852e+00   6.329473013662e-04   7.4650e+04
             70    -1.018808661562e+00   7.513645761643e-04   7.3690e+04
             71    -1.025115204968e+00   5.172702221463e-04   8.0556e+04
             72    -1.034622607204e+00   6.911947706630e-04   7.3469e+04
             73    -1.044860062647e+00   6.420996848309e-04   7.3085e+04
             74    -1.076473877560e+00   7.018725084634e-04   7.1263e+04
             75    -1.045967684588e+00   6.317451111821e-04   7.1014e+04
             76    -1.091075520190e+00   9.561430858573e-04   7.5768e+04
             77    -1.016978062129e+00   6.356126468465e-04   7.4422e+04
             78    -1.041454832728e+00   6.996397214731e-04   7.8486e+04
             79    -1.036533009294e+00   5.268701652838e-04   8.3179e+04
             80    -1.049088613715e+00   6.679567114317e-04   7.3720e+04
             81    -1.026140218637e+00   6.517585501316e-04   8.0647e+04
             82    -1.077748366570e+00   6.424289616688e-04   8.2393e+04
             83    -1.044281324185e+00   6.165992300706e-04   7.3714e+04
             84    -1.063618979458e+00   5.425072001684e-04   7.9896e+04
             85    -1.063903131422e+00   6.090232025433e-04   7.3205e+04
             86    -1.046114905514e+00   7.015197791185e-04   8.1719e+04
             87    -1.042429946106e+00   5.846586367997e-04   7.5825e+04
             88    -1.060494008615e+00   6.331359486250e-04   7.0495e+04
             89    -1.049850691464e+00   6.136027661523e-04   7.7417e+04
             90    -1.039688958067e+00   6.836191004935e-04   7.8485e+04
             91    -1.039203411376e+00   6.333947842326e-04   7.8506e+04
             92    -1.052544149810e+00   8.418061966020e-04   7.8349e+04
             93    -1.034389859980e+00   4.248782768738e-04   7.0629e+04
             94    -1.057415688689e+00   7.450244249330e-04   7.9641e+04
             95    -1.048548307667e+00   6.305064218023e-04   7.4898e+04
             96    -1.054950644000e+00   7.432583732379e-04   8.0913e+04
             97    -1.039522146719e+00   5.684322622632e-04   7.2681e+04
             98    -1.035357030894e+00   5.227935389703e-04   7.8466e+04
             99    -1.055386348718e+00   7.777231365369e-04   7.7493e+04
            100    -1.065659962408e+00   6.773012112174e-04   8.3840e+04
            101    -1.046171547206e+00   5.400914077536e-04   7.3673e+04
            102    -1.040071153935e+00   5.542928277155e-04   7.4740e+04
            103    -1.044368152051e+00   5.944712633003e-04   7.4872e+04
            104    -1.040034900020e+00   6.141642542409e-04   8.3558e+04
            105    -1.033557430485e+00   5.374939778637e-04   7.4295e+04
            106    -1.086282826439e+00   6.670959030292e-04   8.7694e+04
            107    -1.052138779638e+00   7.922226856884e-04   7.9878e+04
            108    -1.085605364614e+00   6.399703771449e-04   8.3737e+04
            109    -1.039314918635e+00   6.464490352112e-04   8.0228e+04
            110    -1.034903494252e+00   7.173209946054e-04   7.0727e+04
            111    -1.034479921410e+00   6.211106590559e-04   7.6963e+04
            112    -1.038935601797e+00   6.877531369994e-04   8.3795e+04
            113    -1.066347687679e+00   6.748050891421e-04   8.1615e+04
            114    -1.023680791398e+00   5.524172426839e-04   7.4259e+04
            115    -1.072290189523e+00   5.886149330221e-04   7.8885e+04
            116    -1.032337942727e+00   7.389579269999e-04   7.8418e+04
            117    -1.039951847686e+00   6.725588971308e-04   7.2427e+04
            118    -1.027535803883e+00   4.707646914687e-04   6.9807e+04
            119    -1.043121963465e+00   5.897221770323e-04   7.5941e+04
            120    -1.046836488664e+00   5.967550199704e-04   8.1663e+04
            121    -1.053338892843e+00   6.393640564533e-04   7.6389e+04
            122    -1.056074231382e+00   5.525748284619e-04   7.8477e+04
            123    -1.033341181079e+00   5.752799724541e-04   7.7910e+04
            124    -1.036983504409e+00   6.618900867443e-04   7.3999e+04
            125    -1.081464762405e+00   7.234453994164e-04   7.8676e+04
            126    -1.052881403821e+00   6.735585003462e-04   7.7383e+04
            127    -1.034200181331e+00   5.554490694429e-04   7.7260e+04
            128    -1.068056093558e+00   5.402282694042e-04   7.5855e+04
            129    -1.079950082733e+00   6.642541186776e-04   8.5614e+04
            130    -1.039776835782e+00   5.491673805025e-04   7.1254e+04
            131    -1.014764181575e+00   6.619248217125e-04   7.8031e+04
            132    -1.054807972727e+00   5.583846415428e-04   7.5845e+04
            133    -1.065609279121e+00   7.327932783235e-04   7.6469e+04
            134    -1.061706675449e+00   7.461804006079e-04   7.1646e+04
            135    -1.041844277328e+00   7.659017945158e-04   7.7824e+04
            136    -1.095105191189e+00   7.337155294114e-04   8.0743e+04
            137    -1.056309707828e+00   6.352978659998e-04   7.7187e+04
            138    -1.032974530984e+00   6.312211252851e-04   7.4804e+04
            139    -1.054596367920e+00   8.545731462034e-04   8.0318e+04
            140    -1.048603826959e+00   6.438791020763e-04   8.0839e+04
            141    -1.066700485392e+00   6.902923385676e-04   7.6995e+04
            142    -1.026375041648e+00   6.552174827038e-04   7.8308e+04
            143    -1.051311783620e+00   5.699765177860e-04   7.3916e+04
            144    -1.041243290704e+00   7.038535428698e-04   7.6715e+04
            145    -1.028243899710e+00   6.645330222067e-04   7.5063e+04
            146    -1.054151916413e+00   6.162524428016e-04   7.4964e+04
            147    -1.037368042799e+00   6.189457020778e-04   7.8679e+04
            148    -1.041593428906e+00   6.588114852226e-04   7.5848e+04
            149    -1.065050310861e+00   7.058960151772e-04   8.0279e+04
            150    -1.021523484708e+00   6.629135027963e-04   7.1043e+04
            151    -1.078480120833e+00   5.967631777746e-04   7.3421e+04
            152    -1.032138684547e+00   7.749029040495e-04   8.0637e+04
            153    -1.043544322353e+00   6.308773539713e-04   7.2715e+04
            154    -1.039790474734e+00   4.886289703090e-04   7.2819e+04
            155    -1.059369427302e+00   5.985709343599e-04   8.1736e+04
            156    -1.013456083472e+00   4.937790902013e-04   7.3216e+04
            157    -1.039201389701e+00   6.727837926557e-04   8.0776e+04
            158    -1.058484064379e+00   6.419748015648e-04   8.2450e+04
            159    -1.055747957120e+00   6.627978575895e-04   7.7012e+04
            160    -1.034676499422e+00   5.947731870908e-04   7.5938e+04
            161    -1.039645390592e+00   6.433483116939e-04   7.3795e+04
            162    -1.053520381396e+00   7.387585743045e-04   7.4631e+04
            163    -1.004325201576e+00   5.366270550912e-04   7.4407e+04
            164    -1.030341831340e+00   5.782612639125e-04   7.1939e+04
            165    -1.056457782312e+00   5.907230201162e-04   6.9712e+04
            166    -1.064499673494e+00   6.736450509601e-04   7.7289e+04
            167    -1.023059402069e+00   6.284635601655e-04   7.6277e+04
            168    -1.052258279893e+00   5.201726867691e-04   7.2233e+04
            169    -1.041294880583e+00   6.414995365522e-04   7.8610e+04
            170    -1.047969839363e+00   6.795005720631e-04   7.9093e+04
            171    -1.056082414760e+00   5.662511749086e-04   8.1303e+04
            172    -1.064068212968e+00   7.232201733295e-04   7.0489e+04
            173    -1.073549907627e+00   6.437185127851e-04   7.2246e+04
            174    -1.025156924669e+00   6.675100525628e-04   7.5737e+04
            175    -1.047325411962e+00   7.083020927740e-04   7.3618e+04
            176    -1.050577333492e+00   8.103711249378e-04   7.3872e+04
            177    -1.035002834274e+00   6.480841971974e-04   7.7783e+04
            178    -1.010249306913e+00   5.155964363700e-04   7.4250e+04
            179    -1.050098457561e+00   6.256422480647e-04   7.4795e+04
            180    -1.041118228473e+00   5.082565514838e-04   7.4871e+04
            181    -1.045719425129e+00   8.703770327699e-04   7.5127e+04
            182    -1.031953400543e+00   5.784406723263e-04   7.9489e+04
            183    -1.069443296364e+00   6.530553551166e-04   7.4807e+04
            184    -1.044543253407e+00   5.722108383910e-04   7.5915e+04
            185    -1.039176136093e+00   5.798250726772e-04   7.4660e+04
            186    -1.041170996870e+00   6.886881482760e-04   7.8988e+04
            187    -1.040805355043e+00   5.046656188575e-04   7.3947e+04
            188    -1.034384499684e+00   6.584754573718e-04   7.3414e+04
            189    -1.054594653093e+00   6.448518598750e-04   7.7249e+04
            190    -1.039417452419e+00   6.900328917734e-04   7.4762e+04
            191    -1.034590023603e+00   4.932043879931e-04   7.6456e+04
            192    -1.044358571631e+00   6.954783288114e-04   7.7767e+04
            193    -1.047722837145e+00   7.770956112664e-04   7.6397e+04
            194    -1.027309922203e+00   6.916639244552e-04   8.1970e+04
            195    -1.031074407546e+00   7.040508853587e-04   8.3088e+04
            196    -1.029365086770e+00   6.993527118909e-04   7.6856e+04
            197    -1.053148145352e+00   5.137747363705e-04   8.0585e+04
            198    -1.052803305461e+00   6.754792180286e-04   7.6157e+04
            199    -1.026754255122e+00   6.547842149087e-04   7.7625e+04
            200    -1.052541632085e+00   8.929404700856e-04   8.0347e+04
            201    -1.022515914036e+00   5.918747574489e-04   7.5538e+04
            202    -1.063517872237e+00   5.687520122216e-04   7.3743e+04
            203    -1.043531000556e+00   5.755115213061e-04   7.6299e+04
            204    -1.039028322327e+00   5.213287456393e-04   7.5425e+04
            205    -1.056820577080e+00   7.114629236961e-04   8.0386e+04
            206    -1.011018682042e+00   5.396431934191e-04   7.4011e+04
            207    -1.008996172304e+00   5.489865096436e-04   7.3829e+04
            208    -1.067814766608e+00   7.783766357615e-04   7.6339e+04
            209    -1.053633330303e+00   5.952182201316e-04   7.2126e+04
            210    -1.034681413793e+00   6.312169856315e-04   8.0719e+04
            211    -1.068852373246e+00   6.546724852189e-04   7.7928e+04
            212    -1.041644005627e+00   5.069989269272e-04   7.3460e+04
            213    -1.054010880655e+00   5.563941796523e-04   7.5626e+04
            214    -1.053526323605e+00   6.817426173853e-04   7.8643e+04
            215    -1.041444706945e+00   6.059257413693e-04   7.4617e+04
            216    -1.048009485390e+00   7.176598794789e-04   7.7067e+04
            217    -1.034303966124e+00   4.866205353997e-04   7.2253e+04
            218    -1.034313455108e+00   5.206289219854e-04   7.3603e+04
            219    -1.022826451515e+00   6.058044046400e-04   7.6191e+04
            220    -1.043240014362e+00   5.514045458519e-04   7.2542e+04
            221    -1.030168992240e+00   5.376794742240e-04   7.7130e+04
            222    -1.063863536525e+00   6.320453004841e-04   7.3871e+04
            223    -1.050648655355e+00   5.453410403750e-04   7.2096e+04
            224    -1.028833655082e+00   6.114359986068e-04   7.6013e+04
            225    -1.045591940424e+00   6.352614651379e-04   7.7272e+04
            226    -1.052932617658e+00   5.692807857537e-04   6.8661e+04
            227    -1.058732388263e+00   7.226087221670e-04   8.0555e+04
            228    -1.034178979236e+00   6.696712188629e-04   8.3338e+04
            229    -1.054803423556e+00   5.946271580914e-04   7.1258e+04
            230    -1.039031437723e+00   5.133485472647e-04   7.7730e+04
            231    -1.034075115553e+00   7.682681772990e-04   7.9730e+04
            232    -1.036271534047e+00   5.938766195172e-04   7.8611e+04
            233    -1.027089646821e+00   6.285642852214e-04   7.5435e+04
            234    -1.064517346613e+00   5.642643645013e-04   6.7315e+04
            235    -1.018907181913e+00   6.459194982165e-04   7.7308e+04
            236    -1.038670671228e+00   5.477289879172e-04   7.6663e+04
            237    -1.044002105805e+00   5.636894845763e-04   7.4587e+04
            238    -1.045553739743e+00   6.350220761448e-04   7.7818e+04
            239    -1.066768312574e+00   6.995811429446e-04   7.6169e+04
            240    -1.039261616559e+00   5.405920946537e-04   7.6198e+04
            241    -1.039965946596e+00   6.817307078835e-04   8.0671e+04
            242    -1.038765904412e+00   7.123227944485e-04   7.3039e+04
            243    -1.035205422869e+00   5.321713716930e-04   7.4442e+04
            244    -1.028014346257e+00   5.566292510256e-04   7.9333e+04
            245    -1.053919873760e+00   9.213958672361e-04   8.0614e+04
            246    -1.039445643585e+00   5.046291919647e-04   7.4527e+04
            247    -1.008328656936e+00   4.823231418865e-04   7.4918e+04
            248    -1.073763626842e+00   8.532004350117e-04   7.8945e+04
            249    -1.065358179604e+00   5.970010615649e-04   7.3938e+04
            250    -1.028808823895e+00   6.161565573988e-04   7.3971e+04
            251    -1.051466944338e+00   6.970751863236e-04   7.7989e+04
            252    -1.055723906487e+00   5.351240413036e-04   8.0211e+04
            253    -1.041325455816e+00   6.097740588628e-04   7.4916e+04
            254    -1.059945275956e+00   6.438669440149e-04   7.3632e+04
            255    -1.033829128096e+00   7.509427350955e-04   6.9056e+04
            256    -1.031097280232e+00   5.264503450686e-04   7.7365e+04
            257    -1.060390185298e+00   8.445414791110e-04   8.1261e+04
            258    -1.040364410504e+00   7.628631668596e-04   8.0402e+04
            259    -1.079311092808e+00   9.048945037138e-04   8.4013e+04
            260    -1.048082684979e+00   6.685310640005e-04   7.7416e+04
            261    -1.009009211171e+00   4.663234362148e-04   7.7755e+04
            262    -1.041191976426e+00   4.847311992372e-04   7.5460e+04
            263    -1.040664074600e+00   4.748259052735e-04   7.5376e+04
            264    -1.019793690502e+00   5.944050294132e-04   7.9586e+04
            265    -1.051417753064e+00   6.406819812168e-04   7.6285e+04
            266    -1.040953956320e+00   8.723411374195e-04   7.8722e+04
            267    -1.025408727106e+00   6.023538918197e-04   7.3731e+04
            268    -1.067795060637e+00   5.783605277687e-04   8.1663e+04
            269    -1.020069470567e+00   5.517248096662e-04   7.4355e+04
            270    -1.012973354633e+00   4.964601348393e-04   7.0555e+04
            271    -1.039185620647e+00   6.552717532949e-04   7.7552e+04
            272    -1.042436148369e+00   4.800045977712e-04   7.4088e+04
            273    -1.059827043868e+00   6.603569571153e-04   7.4369e+04
            274    -1.058362079978e+00   7.072560779973e-04   8.0177e+04
            275    -1.045884684640e+00   6.481371569489e-04   7.1921e+04
            276    -1.040859408670e+00   5.196817479419e-04   7.8446e+04
            277    -1.031285632284e+00   7.243114087499e-04   7.3981e+04
            278    -1.063825094109e+00   7.880799422914e-04   7.6113e+04
            279    -1.030974186773e+00   7.264479775170e-04   7.5297e+04
            280    -1.018910810078e+00   5.938880710831e-04   7.0766e+04
            281    -1.040522734562e+00   7.185502673150e-04   7.2138e+04
            282    -1.059969136898e+00   6.158784717020e-04   7.5711e+04
            283    -1.056336779658e+00   6.619765350269e-04   7.0356e+04
            284    -1.041206803552e+00   6.619087252795e-04   8.0359e+04
            285    -1.051884716506e+00   5.397378734200e-04   7.4885e+04
            286    -1.054761203878e+00   5.652456183722e-04   7.8514e+04
            287    -1.039504079732e+00   6.996641364413e-04   7.5820e+04
            288    -1.066532534480e+00   5.574508539739e-04   8.2323e+04
            289    -1.064578320905e+00   6.475550405443e-04   8.0869e+04
            290    -1.024813314972e+00   5.532409154825e-04   7.8125e+04
            291    -1.045142942717e+00   5.140823370254e-04   8.2881e+04
            292    -1.013051600614e+00   5.304888092999e-04   8.0974e+04
            293    -1.047410588230e+00   5.841527717753e-04   7.7118e+04
            294    -1.089207011038e+00   7.456843452541e-04   8.2406e+04
            295    -1.063909852945e+00   6.298366563579e-04   7.8157e+04
            296    -1.061634618719e+00   5.889430082887e-04   7.8133e+04
            297    -1.044649629895e+00   6.857871839168e-04   8.0627e+04
            298    -1.038883902083e+00   6.372990916414e-04   7.7091e+04
            299    -1.016832836262e+00   5.764003105123e-04   8.2943e+04
            300    -1.053053597634e+00   7.498286376697e-04   8.5028e+04
            301    -1.032807505910e+00   5.355384833965e-04   7.7894e+04
            302    -1.050670329188e+00   6.577634237648e-04   7.3938e+04
            303    -9.986774195241e-01   3.858484967424e-04   7.5737e+04
            304    -1.031857139813e+00   6.535525194410e-04   7.6201e+04
            305    -1.036135036026e+00   6.491216972489e-04   8.1609e+04
            306    -1.027466950888e+00   6.329831071280e-04   8.5274e+04
            307    -1.047925021156e+00   6.238828002953e-04   7.9363e+04
            308    -1.057709175535e+00   5.522272611362e-04   8.2562e+04
            309    -1.031400900092e+00   6.003407801259e-04   7.5453e+04
            310    -1.070344945660e+00   6.258532570972e-04   7.5934e+04
            311    -1.016262988120e+00   6.323607943555e-04   7.6881e+04
            312    -1.044284589385e+00   6.574572631063e-04   7.3414e+04
            313    -1.039747162359e+00   6.618021344182e-04   7.2396e+04
            314    -1.060457723044e+00   8.507827743905e-04   7.6824e+04
            315    -1.024895831037e+00   4.916211575537e-04   7.2576e+04
            316    -1.021651280016e+00   7.080516076599e-04   7.1794e+04
            317    -1.016806794072e+00   5.772408747308e-04   7.2881e+04
            318    -1.029676188071e+00   6.765018024962e-04   8.4887e+04
            319    -1.023888714655e+00   6.230825006026e-04   7.5909e+04
