# 1. proc label     2. energy            3. bias correction   4. niters  5. time
72.83933333333333    -8.849238467345e-01   2.614310751724e-04   7.2839e+01   7.6995e+04
73.61533333333334    -8.921373239663e-01   2.630930992908e-04   7.3615e+01   7.7384e+04
         71.836    -8.650514805219e-01   2.420656433717e-04   7.1836e+01   7.4077e+04
72.63266666666667    -8.759833171736e-01   2.712650595301e-04   7.2633e+01   7.6631e+04
71.33266666666667    -8.459026072053e-01   2.356159031186e-04   7.1333e+01   7.3617e+04
72.73066666666666    -8.777859399868e-01   2.505615774002e-04   7.2731e+01   7.6766e+04
           73.2    -8.843912189554e-01   2.227251661189e-04   7.3200e+01   7.2113e+04
73.30866666666667    -8.853598130150e-01   2.737517213666e-04   7.3309e+01   7.6196e+04
         71.816    -8.689728464867e-01   2.300868449905e-04   7.1816e+01   7.4773e+04
72.12066666666666    -8.641202490438e-01   2.321387327073e-04   7.2121e+01   7.1553e+04
         73.574    -8.815345865534e-01   2.428037721141e-04   7.3574e+01   7.7267e+04
73.25933333333333    -8.814580205844e-01   2.304430710910e-04   7.3259e+01   7.4391e+04
73.02333333333333    -8.610549623328e-01   2.136398137009e-04   7.3023e+01   7.7566e+04
70.68333333333334    -8.545967981079e-01   2.272761284035e-04   7.0683e+01   7.1486e+04
          73.82    -8.792454300559e-01   2.721527546011e-04   7.3820e+01   8.5439e+04
         74.016    -8.745354878983e-01   2.269638913477e-04   7.4016e+01   8.4250e+04
72.81266666666667    -8.739432659426e-01   2.638761060595e-04   7.2813e+01   7.9602e+04
72.30066666666667    -8.645660827848e-01   2.376935862601e-04   7.2301e+01   7.4723e+04
72.52533333333334    -8.882134179062e-01   2.389047572990e-04   7.2525e+01   7.4294e+04
         73.452    -8.762294358841e-01   2.625180448990e-04   7.3452e+01   7.6167e+04
73.46333333333334    -8.878480912676e-01   2.580995983643e-04   7.3463e+01   7.8963e+04
73.22533333333334    -8.885049610157e-01   2.543909497362e-04   7.3225e+01   7.9638e+04
73.08666666666667    -8.582701058642e-01   2.335565935792e-04   7.3087e+01   7.7712e+04
71.79066666666667    -8.609996191743e-01   2.329441847571e-04   7.1791e+01   7.0296e+04
72.76866666666666    -8.704405302649e-01   2.432074476862e-04   7.2769e+01   7.7862e+04
         72.434    -8.600666357051e-01   2.580361207674e-04   7.2434e+01   7.2372e+04
71.38666666666667    -8.741129447981e-01   2.297366669385e-04   7.1387e+01   7.1602e+04
71.97666666666667    -8.733279982409e-01   2.323870116100e-04   7.1977e+01   6.7243e+04
72.72266666666667    -8.685592588106e-01   2.445259288342e-04   7.2723e+01   7.0401e+04
         73.156    -8.758027429153e-01   2.802356839218e-04   7.3156e+01   7.6793e+04
         72.222    -8.599257841569e-01   2.385536986258e-04   7.2222e+01   7.4852e+04
         73.294    -8.737156407649e-01   2.359336208127e-04   7.3294e+01   7.7804e+04
72.51666666666667    -8.832848814743e-01   2.258609570486e-04   7.2517e+01   7.9382e+04
71.90466666666667    -8.667953673216e-01   2.357666830388e-04   7.1905e+01   7.1973e+04
72.49133333333333    -8.622788944622e-01   2.184968683740e-04   7.2491e+01   7.7443e+04
         73.064    -8.733033498969e-01   2.247243257869e-04   7.3064e+01   7.8904e+04
73.20733333333334    -8.719577343477e-01   2.328897896887e-04   7.3207e+01   7.8016e+04
72.48666666666666    -8.502956767210e-01   2.201664455235e-04   7.2487e+01   7.6046e+04
72.61066666666666    -8.806952391120e-01   2.589586774989e-04   7.2611e+01   7.9671e+04
72.27333333333333    -8.673923279618e-01   2.819704261396e-04   7.2273e+01   7.7724e+04
71.91866666666667    -8.686659736223e-01   2.563178033194e-04   7.1919e+01   7.4327e+04
74.15666666666667    -8.815069431813e-01   2.758752033316e-04   7.4157e+01   7.6833e+04
72.58933333333333    -8.723191819519e-01   2.195160157674e-04   7.2589e+01   7.2733e+04
72.53266666666667    -8.695617493938e-01   2.538647285870e-04   7.2533e+01   7.5182e+04
72.80666666666667    -8.745960402402e-01   2.492384132041e-04   7.2807e+01   7.7539e+04
71.94266666666667    -8.740573076501e-01   2.153307374601e-04   7.1943e+01   7.0067e+04
72.31066666666666    -8.737402926091e-01   2.398706816250e-04   7.2311e+01   7.3387e+04
         73.674    -8.861592253769e-01   2.647276348270e-04   7.3674e+01   7.8696e+04
         73.082    -8.855789347281e-01   2.354865490697e-04   7.3082e+01   7.5064e+04
         71.468    -8.716371422160e-01   2.422832693728e-04   7.1468e+01   6.8708e+04
         72.294    -8.717190268088e-01   2.345842763553e-04   7.2294e+01   7.5190e+04
72.41533333333334    -8.537266102269e-01   2.271398768976e-04   7.2415e+01   7.7613e+04
72.28133333333334    -8.731239468079e-01   2.320949700327e-04   7.2281e+01   7.4518e+04
73.30533333333334    -8.638374951214e-01   2.386997658916e-04   7.3305e+01   8.0510e+04
         72.218    -8.677971416700e-01   2.283216632039e-04   7.2218e+01   7.6853e+04
72.02933333333333    -8.577875244276e-01   2.310136955374e-04   7.2029e+01   7.6102e+04
         72.962    -8.773748561877e-01   2.473698803228e-04   7.2962e+01   7.7805e+04
72.61133333333333    -8.882587294253e-01   2.537063082992e-04   7.2611e+01   7.7363e+04
         73.818    -8.716228901791e-01   2.146246378256e-04   7.3818e+01   7.5303e+04
72.64533333333334    -8.737482431221e-01   2.501620250732e-04   7.2645e+01   7.8066e+04
72.09666666666666    -8.898738074269e-01   2.538920252259e-04   7.2097e+01   7.3593e+04
           73.1    -8.811960067267e-01   2.799547865604e-04   7.3100e+01   7.3690e+04
         72.156    -8.751149035064e-01   2.705635317006e-04   7.2156e+01   7.4175e+04
72.19933333333333    -8.651974937014e-01   2.382857101943e-04   7.2199e+01   7.1906e+04
          72.96    -8.760598859523e-01   2.558510658733e-04   7.2960e+01   7.8277e+04
72.50333333333333    -8.715555085809e-01   2.196106157290e-04   7.2503e+01   7.3465e+04
73.12066666666666    -8.783886984668e-01   2.402044009325e-04   7.3121e+01   7.8112e+04
          72.39    -8.786186721226e-01   2.438778302359e-04   7.2390e+01   7.5536e+04
72.48266666666666    -8.775335359460e-01   2.445402918428e-04   7.2483e+01   7.3867e+04
72.72733333333333    -8.713624722940e-01   2.364195289394e-04   7.2727e+01   7.0859e+04
72.79866666666666    -8.653509686035e-01   2.394830439425e-04   7.2799e+01   7.4885e+04
73.06533333333333    -8.658132217660e-01   2.635642371505e-04   7.3065e+01   7.4222e+04
72.40133333333333    -8.693909603747e-01   2.402039196520e-04   7.2401e+01   7.0227e+04
73.49133333333333    -8.969093585227e-01   2.318802947287e-04   7.3491e+01   7.6432e+04
72.46266666666666    -8.711628980162e-01   2.811622442578e-04   7.2463e+01   7.4776e+04
         73.746    -8.901897295812e-01   2.421377444130e-04   7.3746e+01   7.5038e+04
72.70933333333333    -8.743082800294e-01   2.367066237870e-04   7.2709e+01   7.8157e+04
72.67266666666667    -8.780767745237e-01   2.235288659109e-04   7.2673e+01   7.2733e+04
         72.976    -8.819302627379e-01   2.371719004507e-04   7.2976e+01   7.6554e+04
73.30666666666667    -8.794308732348e-01   2.269396047843e-04   7.3307e+01   7.4126e+04
72.25866666666667    -8.677467471476e-01   2.277624618246e-04   7.2259e+01   7.2689e+04
         72.536    -8.677838120360e-01   2.354356506009e-04   7.2536e+01   7.3611e+04
72.76933333333334    -8.636182334092e-01   2.402340955992e-04   7.2769e+01   7.2983e+04
72.78266666666667    -8.863590593895e-01   2.671441755716e-04   7.2783e+01   7.6069e+04
72.80066666666667    -8.871057672641e-01   2.609932345734e-04   7.2801e+01   7.3926e+04
72.63666666666667    -8.878491452227e-01   2.716212933681e-04   7.2637e+01   7.5458e+04
73.68466666666667    -8.803409452041e-01   2.333935002195e-04   7.3685e+01   7.6669e+04
         72.304    -8.535138526183e-01   2.243890356637e-04   7.2304e+01   7.2124e+04
72.88066666666667    -8.881127989825e-01   2.640328463165e-04   7.2881e+01   7.5655e+04
72.53866666666667    -8.815658406736e-01   2.592389232911e-04   7.2539e+01   6.8288e+04
72.48133333333334    -8.716400008392e-01   2.764489615516e-04   7.2481e+01   7.7775e+04
         72.406    -8.616851899876e-01   2.211232218171e-04   7.2406e+01   7.3608e+04
72.23733333333334    -8.675993793632e-01   2.296832859028e-04   7.2237e+01   7.1692e+04
         71.926    -8.578457573581e-01   2.361670303817e-04   7.1926e+01   6.7880e+04
         71.816    -8.680252205524e-01   2.285928067270e-04   7.1816e+01   7.0950e+04
71.66866666666667    -8.609688922859e-01   2.331115308826e-04   7.1669e+01   7.5917e+04
71.69066666666667    -8.659739951697e-01   2.659894512537e-04   7.1691e+01   7.4524e+04
         72.762    -8.766762938437e-01   2.430502259005e-04   7.2762e+01   7.4896e+04
72.55666666666667    -8.771532125635e-01   2.409875590781e-04   7.2557e+01   7.8150e+04
         73.002    -8.702832011852e-01   2.369500688456e-04   7.3002e+01   7.6089e+04
          73.18    -8.801652026499e-01   2.506516215522e-04   7.3180e+01   8.0876e+04
73.23333333333333    -8.855962787483e-01   2.473242137777e-04   7.3233e+01   7.9579e+04
71.62666666666667    -8.645587380241e-01   2.539076704160e-04   7.1627e+01   7.3974e+04
71.99866666666667    -8.627976175120e-01   2.346303418494e-04   7.1999e+01   7.8040e+04
73.01066666666667    -8.632378887282e-01   2.272505789355e-04   7.3011e+01   7.5897e+04
         73.046    -8.818938097837e-01   2.397333375427e-04   7.3046e+01   7.7636e+04
         72.284    -8.574379883495e-01   2.383537950583e-04   7.2284e+01   6.7881e+04
72.46266666666666    -8.702124077103e-01   2.302155348854e-04   7.2463e+01   7.4142e+04
72.76266666666666    -8.709174779950e-01   2.336508949853e-04   7.2763e+01   7.2869e+04
73.81066666666666    -8.715363151025e-01   2.387787690068e-04   7.3811e+01   8.1008e+04
         73.576    -8.787656941185e-01   2.669149878119e-04   7.3576e+01   7.8003e+04
         74.244    -8.741785647438e-01   2.396299666226e-04   7.4244e+01   8.2381e+04
72.50733333333334    -8.593636412866e-01   2.404754600549e-04   7.2507e+01   7.3386e+04
         73.262    -8.779274738996e-01   2.286266867129e-04   7.3262e+01   7.7749e+04
73.22933333333333    -8.797719476549e-01   2.429381841632e-04   7.3229e+01   8.2587e+04
          73.07    -8.759103329119e-01   2.522271120956e-04   7.3070e+01   7.1380e+04
73.62333333333333    -8.743902661227e-01   2.381853477779e-04   7.3623e+01   8.0698e+04
         71.932    -8.580892765982e-01   2.502573154607e-04   7.1932e+01   7.3207e+04
71.91266666666667    -8.860694459084e-01   2.539503325961e-04   7.1913e+01   7.2218e+04
         73.144    -8.863924619056e-01   2.291246507769e-04   7.3144e+01   7.6785e+04
          72.17    -8.807616590705e-01   2.286956651586e-04   7.2170e+01   7.9480e+04
72.67866666666667    -8.704529254251e-01   2.367926574466e-04   7.2679e+01   7.6285e+04
73.13666666666667    -8.877048647511e-01   2.663492981416e-04   7.3137e+01   7.8758e+04
72.91266666666667    -8.595321999323e-01   2.239405639368e-04   7.2913e+01   7.8483e+04
72.90133333333333    -8.710067855086e-01   2.894735696454e-04   7.2901e+01   7.5199e+04
72.54266666666666    -8.612478274795e-01   2.214384202501e-04   7.2543e+01   7.2999e+04
73.23133333333334    -8.766104477996e-01   2.738543751162e-04   7.3231e+01   8.0286e+04
72.66933333333333    -8.802226113888e-01   2.154099358664e-04   7.2669e+01   7.5120e+04
72.63666666666667    -8.751931602184e-01   2.528528972381e-04   7.2637e+01   7.4114e+04
         73.354    -8.940440435075e-01   2.670871513949e-04   7.3354e+01   7.9682e+04
72.27666666666667    -8.881666882358e-01   2.498297992177e-04   7.2277e+01   7.0464e+04
72.87066666666666    -8.663431130077e-01   2.391108574611e-04   7.2871e+01   7.4915e+04
72.65466666666667    -8.618027762390e-01   2.063579882856e-04   7.2655e+01   7.4545e+04
72.01466666666667    -8.405591779431e-01   2.136436192031e-04   7.2015e+01   7.0474e+04
         72.372    -8.699715813773e-01   2.326234959156e-04   7.2372e+01   7.3323e+04
         72.294    -8.726932899520e-01   2.327636507985e-04   7.2294e+01   7.6130e+04
         73.292    -8.834203137028e-01   2.630645013459e-04   7.3292e+01   7.7293e+04
73.42266666666667    -8.907648360544e-01   2.341848430379e-04   7.3423e+01   7.2440e+04
         72.478    -8.848264132133e-01   2.595028084158e-04   7.2478e+01   7.0824e+04
71.98933333333333    -8.683941254780e-01   2.347231445835e-04   7.1989e+01   7.3824e+04
         72.486    -8.743079331804e-01   2.415636479436e-04   7.2486e+01   7.6685e+04
         71.972    -8.701046478013e-01   2.444735650004e-04   7.1972e+01   7.1841e+04
73.43666666666667    -8.754270346980e-01   2.371267753724e-04   7.3437e+01   7.8592e+04
73.30933333333333    -8.708571512071e-01   2.339577420365e-04   7.3309e+01   8.2225e+04
72.56533333333333    -8.660605716521e-01   2.442355027586e-04   7.2565e+01   7.6252e+04
72.89733333333334    -8.856212201225e-01   2.475872623263e-04   7.2897e+01   7.5978e+04
         71.352    -8.643083491844e-01   2.432203241220e-04   7.1352e+01   7.0746e+04
72.44666666666667    -8.619520332284e-01   2.284063523526e-04   7.2447e+01   7.7654e+04
         73.082    -8.724056370784e-01   2.318899644461e-04   7.3082e+01   7.8332e+04
72.13733333333333    -8.749772875943e-01   2.437911608707e-04   7.2137e+01   7.6363e+04
         72.604    -8.684138921215e-01   2.487231858272e-04   7.2604e+01   7.2430e+04
         72.098    -8.816926750038e-01   2.792294719107e-04   7.2098e+01   7.2924e+04
72.99066666666667    -8.732949090240e-01   2.347884856929e-04   7.2991e+01   7.8245e+04
         73.044    -8.667700819115e-01   2.787602670051e-04   7.3044e+01   7.5568e+04
         71.114    -8.630534726136e-01   2.267853653883e-04   7.1114e+01   7.2416e+04
72.71533333333333    -8.698462736055e-01   2.629155729225e-04   7.2715e+01   7.6753e+04
72.69533333333334    -8.768045277894e-01   2.344017490266e-04   7.2695e+01   7.4753e+04
72.11133333333333    -8.661999950993e-01   2.424907079227e-04   7.2111e+01   7.3053e+04
72.38933333333334    -8.668687397680e-01   2.195076502738e-04   7.2389e+01   7.3867e+04
73.48066666666666    -8.627434127982e-01   2.252846685935e-04   7.3481e+01   7.6423e+04
73.12466666666667    -8.893007773381e-01   2.174183378746e-04   7.3125e+01   7.8691e+04
73.11333333333333    -8.797132413794e-01   2.608824764921e-04   7.3113e+01   7.8913e+04
72.98866666666666    -8.748442041521e-01   2.491306461508e-04   7.2989e+01   7.6217e+04
         73.666    -8.766313046722e-01   2.430702989265e-04   7.3666e+01   7.6438e+04
71.14466666666667    -8.536408447711e-01   2.365691758878e-04   7.1145e+01   6.7789e+04
71.64666666666666    -8.635513177842e-01   2.303560843688e-04   7.1647e+01   7.1075e+04
73.70666666666666    -8.725625878302e-01   2.794906521381e-04   7.3707e+01   7.6757e+04
71.72266666666667    -8.502017904258e-01   2.319998207938e-04   7.1723e+01   7.8464e+04
72.78866666666667    -8.733172138712e-01   2.693924516875e-04   7.2789e+01   7.6530e+04
73.89066666666666    -8.791033714161e-01   2.274283112196e-04   7.3891e+01   8.0227e+04
73.86666666666666    -8.887081962900e-01   2.546091855440e-04   7.3867e+01   8.1487e+04
         71.954    -8.765232751232e-01   2.179218644813e-04   7.1954e+01   7.0335e+04
72.87266666666666    -8.674625318173e-01   2.135147835300e-04   7.2873e+01   7.3202e+04
71.83666666666667    -8.629680033669e-01   2.529861117170e-04   7.1837e+01   7.2521e+04
71.82533333333333    -8.811665347717e-01   2.667938903196e-04   7.1825e+01   7.6641e+04
73.64866666666667    -8.787383426522e-01   2.650001061735e-04   7.3649e+01   8.0593e+04
72.66466666666666    -8.681594439323e-01   2.498850018718e-04   7.2665e+01   7.8237e+04
74.41666666666667    -8.913128401236e-01   2.776552570723e-04   7.4417e+01   8.5662e+04
72.19333333333333    -8.717291950891e-01   2.154037505602e-04   7.2193e+01   7.3933e+04
          71.71    -8.671516314329e-01   2.537512020562e-04   7.1710e+01   7.1180e+04
         72.714    -8.742167340906e-01   2.484191824637e-04   7.2714e+01   7.9760e+04
         72.422    -8.716395978548e-01   2.477950478287e-04   7.2422e+01   7.1190e+04
         72.562    -8.715949905551e-01   2.763019413434e-04   7.2562e+01   7.4654e+04
         73.482    -8.712414741077e-01   2.647064375892e-04   7.3482e+01   7.8212e+04
72.13333333333334    -8.754329348088e-01   2.431351628575e-04   7.2133e+01   7.4030e+04
72.37533333333333    -8.720995163985e-01   2.415880669318e-04   7.2375e+01   7.2593e+04
72.48066666666666    -8.765594427034e-01   2.794971091132e-04   7.2481e+01   7.4408e+04
72.04066666666667    -8.629291865992e-01   2.524570366915e-04   7.2041e+01   8.1167e+04
         72.676    -8.605630693630e-01   2.213864711153e-04   7.2676e+01   7.0921e+04
72.07733333333333    -8.554311178060e-01   2.159366562050e-04   7.2077e+01   7.3074e+04
73.37066666666666    -8.829918254232e-01   2.572273583842e-04   7.3371e+01   7.8002e+04
72.09133333333334    -8.592099532799e-01   2.332998615945e-04   7.2091e+01   7.4193e+04
71.56866666666667    -8.623120359522e-01   2.228542600630e-04   7.1569e+01   7.4701e+04
71.24466666666666    -8.747239633662e-01   2.261474044218e-04   7.1245e+01   6.8441e+04
72.73133333333334    -8.741667598597e-01   2.296990044198e-04   7.2731e+01   7.5538e+04
72.67066666666666    -8.608321718083e-01   2.295073274748e-04   7.2671e+01   7.7509e+04
74.70133333333334    -8.836398258756e-01   2.502092793344e-04   7.4701e+01   7.9168e+04
         72.956    -8.770895542788e-01   2.345416441564e-04   7.2956e+01   7.6888e+04
72.39533333333334    -8.699051274105e-01   2.347466199478e-04   7.2395e+01   7.1944e+04
72.42266666666667    -8.731403535915e-01   2.388678830799e-04   7.2423e+01   7.6653e+04
73.37866666666666    -8.948416870715e-01   2.603102888202e-04   7.3379e+01   8.1012e+04
         73.062    -8.770590057144e-01   2.491712298027e-04   7.3062e+01   7.5354e+04
71.58266666666667    -8.657556362623e-01   2.091235476538e-04   7.1583e+01   6.6372e+04
         73.138    -8.672515695946e-01   2.652448940623e-04   7.3138e+01   7.1040e+04
73.53666666666666    -8.745962484609e-01   2.586040537728e-04   7.3537e+01   7.8459e+04
72.43666666666667    -8.701165824667e-01   2.597854403657e-04   7.2437e+01   7.7693e+04
         72.466    -8.653174262134e-01   2.486417556079e-04   7.2466e+01   7.5924e+04
         72.698    -8.707504496595e-01   2.297663702553e-04   7.2698e+01   7.2660e+04
         72.736    -8.691754904937e-01   2.615989173948e-04   7.2736e+01   7.6028e+04
73.59866666666667    -8.759829004908e-01   2.306391986444e-04   7.3599e+01   8.0317e+04
          72.71    -8.611216049819e-01   2.362655165193e-04   7.2710e+01   7.4330e+04
         72.552    -8.658914593245e-01   2.484611811747e-04   7.2552e+01   7.5194e+04
73.50133333333333    -8.685794228383e-01   2.557076160786e-04   7.3501e+01   8.3342e+04
73.16133333333333    -8.753766493920e-01   2.256041988096e-04   7.3161e+01   7.7271e+04
73.59666666666666    -8.748950451651e-01   2.330661921228e-04   7.3597e+01   8.3805e+04
71.59133333333334    -8.668319930138e-01   2.151624508759e-04   7.1591e+01   6.7361e+04
72.73866666666666    -8.518714608264e-01   2.454039176887e-04   7.2739e+01   7.1854e+04
73.01933333333334    -8.841836450551e-01   2.654891064439e-04   7.3019e+01   7.5608e+04
73.42333333333333    -8.659321929398e-01   2.382585941715e-04   7.3423e+01   7.9150e+04
73.02666666666667    -8.792527522779e-01   2.420452505788e-04   7.3027e+01   7.9220e+04
72.33733333333333    -8.641904066143e-01   2.405497171856e-04   7.2337e+01   6.9981e+04
         73.482    -8.830961197657e-01   2.486129441372e-04   7.3482e+01   7.5149e+04
72.54866666666666    -8.731391392992e-01   2.563970744553e-04   7.2549e+01   7.4699e+04
73.75866666666667    -8.818791422318e-01   2.430628892202e-04   7.3759e+01   8.0687e+04
          71.97    -8.648628511077e-01   2.432341912355e-04   7.1970e+01   7.6670e+04
         72.768    -8.800508135241e-01   2.271540604097e-04   7.2768e+01   7.4757e+04
72.94133333333333    -8.744475568642e-01   2.265551184115e-04   7.2941e+01   7.7640e+04
72.71066666666667    -8.797254794254e-01   2.248418332140e-04   7.2711e+01   7.7477e+04
72.79066666666667    -8.788644883699e-01   2.495743057375e-04   7.2791e+01   7.2642e+04
         73.622    -8.782296606813e-01   2.853016266420e-04   7.3622e+01   7.9210e+04
          72.91    -8.714342667962e-01   2.283808286147e-04   7.2910e+01   7.5368e+04
72.20933333333333    -8.750948636037e-01   2.809879163563e-04   7.2209e+01   7.1862e+04
         73.262    -8.766459058743e-01   2.425993956090e-04   7.3262e+01   7.8017e+04
          72.64    -8.713897557866e-01   2.216392850202e-04   7.2640e+01   7.1824e+04
         73.944    -8.771194239848e-01   2.767551348479e-04   7.3944e+01   8.0455e+04
72.56266666666667    -8.564958573027e-01   2.289595575676e-04   7.2563e+01   7.2761e+04
73.37733333333334    -8.751885995384e-01   2.422136842107e-04   7.3377e+01   7.6624e+04
         72.358    -8.820629716295e-01   2.447629016358e-04   7.2358e+01   7.5466e+04
73.52333333333333    -8.835911742735e-01   2.373029548560e-04   7.3523e+01   7.7456e+04
72.46066666666667    -8.601524743594e-01   2.187772269654e-04   7.2461e+01   7.0848e+04
74.09266666666667    -8.996378320688e-01   2.783998311731e-04   7.4093e+01   8.4868e+04
         71.654    -8.447307415249e-01   2.370586806433e-04   7.1654e+01   7.1580e+04
73.31533333333333    -8.758161184729e-01   2.300951312812e-04   7.3315e+01   8.1680e+04
72.81333333333333    -8.822785446847e-01   2.609058592895e-04   7.2813e+01   7.6214e+04
73.00866666666667    -8.784380228077e-01   2.489402899338e-04   7.3009e+01   8.1116e+04
73.12466666666667    -8.970451651595e-01   2.604357608907e-04   7.3125e+01   7.6942e+04
72.45666666666666    -8.812666180243e-01   2.475057942024e-04   7.2457e+01   7.0506e+04
         72.524    -8.610950038834e-01   2.387664385692e-04   7.2524e+01   7.6142e+04
72.42933333333333    -8.712035234442e-01   2.262283296197e-04   7.2429e+01   7.4829e+04
71.44466666666666    -8.597389189398e-01   2.391304204335e-04   7.1445e+01   6.8755e+04
         73.742    -8.902157215641e-01   2.516044702564e-04   7.3742e+01   8.1444e+04
73.47466666666666    -8.842341401922e-01   2.450854436477e-04   7.3475e+01   7.7034e+04
72.45066666666666    -8.834018894744e-01   2.347380025888e-04   7.2451e+01   7.5524e+04
71.90466666666667    -8.775933850144e-01   2.598261063253e-04   7.1905e+01   6.7683e+04
71.58733333333333    -8.596994260065e-01   2.386238319255e-04   7.1587e+01   7.0785e+04
72.82266666666666    -8.771296344530e-01   2.596792941869e-04   7.2823e+01   7.8809e+04
72.56133333333334    -8.736153165457e-01   2.239100347345e-04   7.2561e+01   7.6628e+04
72.53133333333334    -8.843061060513e-01   2.283483961529e-04   7.2531e+01   7.2483e+04
72.99266666666666    -8.669647758603e-01   2.356052720164e-04   7.2993e+01   7.2727e+04
         73.856    -8.824796528859e-01   2.691350836458e-04   7.3856e+01   8.1038e+04
73.16333333333333    -8.765942818267e-01   2.620572823124e-04   7.3163e+01   7.7257e+04
         73.128    -8.877157668929e-01   2.495563923340e-04   7.3128e+01   7.5342e+04
73.74266666666666    -8.953253969565e-01   2.403225745481e-04   7.3743e+01   7.8504e+04
72.22733333333333    -8.654527047903e-01   2.450762950973e-04   7.2227e+01   7.0676e+04
71.85266666666666    -8.685112104318e-01   2.657052967366e-04   7.1853e+01   7.1249e+04
         73.726    -8.716121589771e-01   2.508361166492e-04   7.3726e+01   7.9248e+04
72.69266666666667    -8.658570984522e-01   2.110856340825e-04   7.2693e+01   7.4422e+04
         71.788    -8.822075991997e-01   2.513892194350e-04   7.1788e+01   7.0265e+04
73.05866666666667    -8.742710710889e-01   2.399435111098e-04   7.3059e+01   7.8655e+04
72.96533333333333    -8.888754589556e-01   2.452736566732e-04   7.2965e+01   7.0466e+04
71.40666666666667    -8.647495708879e-01   2.320299775421e-04   7.1407e+01   7.3982e+04
         71.584    -8.797389066122e-01   2.399766849295e-04   7.1584e+01   7.1827e+04
         72.306    -8.587320302553e-01   2.211763791785e-04   7.2306e+01   7.3191e+04
         73.226    -8.612031167077e-01   2.340920830448e-04   7.3226e+01   7.7114e+04
72.80933333333333    -8.858247358318e-01   2.634523726575e-04   7.2809e+01   7.6231e+04
         72.404    -8.539855638744e-01   2.584491551986e-04   7.2404e+01   7.4382e+04
71.56133333333334    -8.689480091208e-01   2.205741598264e-04   7.1561e+01   6.7802e+04
72.40933333333334    -8.860683151156e-01   2.525289863053e-04   7.2409e+01   6.8304e+04
73.13333333333334    -8.735049241599e-01   2.520242362404e-04   7.3133e+01   8.0666e+04
72.83733333333333    -8.678792897500e-01   2.290662980491e-04   7.2837e+01   7.3592e+04
73.99666666666667    -8.889771209037e-01   2.454555408282e-04   7.3997e+01   8.1071e+04
         73.298    -8.657327845815e-01   2.617854907757e-04   7.3298e+01   8.1973e+04
73.53266666666667    -8.794791074156e-01   2.528284090971e-04   7.3533e+01   7.3365e+04
73.75333333333333    -8.767856537757e-01   2.408134680989e-04   7.3753e+01   7.6003e+04
72.78266666666667    -8.781759368888e-01   2.473262875938e-04   7.2783e+01   7.7122e+04
         73.096    -8.806833527968e-01   2.374193440850e-04   7.3096e+01   7.5743e+04
72.73133333333334    -8.740380922045e-01   2.223153205115e-04   7.2731e+01   7.5438e+04
73.59533333333333    -8.758336237238e-01   2.312540149050e-04   7.3595e+01   8.2137e+04
72.98933333333333    -8.657786587840e-01   2.180000391762e-04   7.2989e+01   7.5946e+04
72.17533333333333    -8.693267411384e-01   2.279577677883e-04   7.2175e+01   7.0535e+04
72.51933333333334    -8.678578405797e-01   2.347770573774e-04   7.2519e+01   7.6974e+04
73.26066666666667    -8.788908396254e-01   2.350801284206e-04   7.3261e+01   7.4760e+04
         73.648    -8.829392470017e-01   2.475364299515e-04   7.3648e+01   7.9630e+04
          73.28    -8.770373196500e-01   2.328055719361e-04   7.3280e+01   7.4703e+04
         73.984    -8.836881470168e-01   2.867179829522e-04   7.3984e+01   8.0984e+04
71.62466666666667    -8.670108557345e-01   2.663198053815e-04   7.1625e+01   7.6504e+04
         73.316    -8.805640892641e-01   2.505786176180e-04   7.3316e+01   8.0417e+04
         73.958    -8.922406359289e-01   2.649408279202e-04   7.3958e+01   7.5944e+04
73.73733333333334    -8.836874728601e-01   2.586977227044e-04   7.3737e+01   7.9478e+04
71.31466666666667    -8.632862070748e-01   2.327739545965e-04   7.1315e+01   7.2749e+04
73.41733333333333    -8.718741198709e-01   2.591324184095e-04   7.3417e+01   7.8324e+04
73.20066666666666    -8.869657890847e-01   2.595625352427e-04   7.3201e+01   7.3164e+04
73.36266666666667    -8.945460484738e-01   2.437405104383e-04   7.3363e+01   8.1327e+04
73.65266666666666    -8.876012620708e-01   2.522235227126e-04   7.3653e+01   8.0069e+04
72.61666666666666    -8.681387338022e-01   2.364331055794e-04   7.2617e+01   7.5280e+04
71.53666666666666    -8.753159261207e-01   2.666233939300e-04   7.1537e+01   6.7180e+04
         73.078    -8.752542341425e-01   2.582454144705e-04   7.3078e+01   7.6761e+04
73.57933333333334    -8.727374064080e-01   2.134034708091e-04   7.3579e+01   7.6776e+04
         72.528    -8.712753913682e-01   2.384347703986e-04   7.2528e+01   7.3595e+04
74.04266666666666    -8.700600472826e-01   2.573720290815e-04   7.4043e+01   7.7913e+04
         73.274    -8.580932723069e-01   2.236631872013e-04   7.3274e+01   7.4983e+04
72.39133333333334    -8.525303878114e-01   2.453515500722e-04   7.2391e+01   7.3500e+04
         72.306    -8.691965321568e-01   2.312008903886e-04   7.2306e+01   7.4616e+04
73.25666666666666    -8.754320953868e-01   2.629155699338e-04   7.3257e+01   7.5033e+04
72.77133333333333    -8.795890525940e-01   2.332274602354e-04   7.2771e+01   7.7801e+04
          72.29    -8.774406940124e-01   2.329440645014e-04   7.2290e+01   7.4406e+04
         73.062    -8.774316726393e-01   2.591980041172e-04   7.3062e+01   7.2048e+04
         73.158    -8.773303319042e-01   2.557105479520e-04   7.3158e+01   7.5758e+04
72.16466666666666    -8.740170609269e-01   2.490291278608e-04   7.2165e+01   7.3980e+04
72.62533333333333    -8.805637293392e-01   2.746312626061e-04   7.2625e+01   7.1405e+04
