# 1. proc label     2. energy            3. bias correction   4. time
              0    -9.312707970782e-01   4.013146173159e-04   2.931908e+04
              1    -9.370660628711e-01   3.752332386181e-04   3.249085e+04
              2    -9.691043731697e-01   3.037881677279e-04   3.294014e+04
              3    -9.064684901952e-01   3.006974039399e-04   3.082629e+04
              4    -9.446752798569e-01   3.005758225170e-04   3.096392e+04
              5    -9.135978490632e-01   3.302734934352e-04   2.965180e+04
              6    -9.202267996947e-01   2.307886132703e-04   2.458733e+04
              7    -9.437995889548e-01   3.373333758217e-04   3.048855e+04
              8    -9.450515249057e-01   3.135140267637e-04   2.846166e+04
              9    -9.367574830488e-01   4.360461592816e-04   3.345679e+04
             10    -8.962816538604e-01   4.049343801470e-04   2.797600e+04
             11    -9.645732677565e-01   3.888747282672e-04   3.133446e+04
             12    -8.863642175623e-01   2.881128236764e-04   2.868772e+04
             13    -9.378723147011e-01   3.257789947039e-04   2.864597e+04
             14    -9.217790058569e-01   3.797758488880e-04   3.310029e+04
             15    -8.799879075884e-01   4.348189491399e-04   2.807829e+04
             16    -9.165760061941e-01   3.637248937258e-04   2.892710e+04
             17    -8.898977581348e-01   3.651789777043e-04   3.221991e+04
             18    -9.336725955862e-01   3.500622439250e-04   3.559734e+04
             19    -9.182995801270e-01   4.983719977191e-04   2.679499e+04
             20    -9.536022102274e-01   3.759130962119e-04   3.529535e+04
             21    -9.239994006981e-01   3.041135694233e-04   2.924226e+04
             22    -9.144759180701e-01   2.993601633353e-04   2.939201e+04
             23    -9.544537361266e-01   3.912618201104e-04   3.289756e+04
             24    -9.535836827492e-01   3.235084817865e-04   3.040058e+04
             25    -9.543030930715e-01   4.397405614509e-04   3.079075e+04
             26    -9.011052151852e-01   2.791651307694e-04   3.075305e+04
             27    -9.174602842418e-01   2.538192144844e-04   3.019986e+04
             28    -9.421951622970e-01   4.725800311362e-04   3.416514e+04
             29    -8.860667221080e-01   3.319888364176e-04   2.867268e+04
             30    -9.454659046502e-01   4.078461205557e-04   3.145580e+04
             31    -9.152496004190e-01   2.887660858603e-04   2.744994e+04
             32    -9.074290886971e-01   3.638509899923e-04   2.848653e+04
             33    -8.993519748561e-01   2.720932507944e-04   2.619963e+04
             34    -9.347105740453e-01   3.320129642573e-04   2.895564e+04
             35    -8.784052337405e-01   4.098578023108e-04   2.697137e+04
             36    -8.662171334456e-01   2.887041950055e-04   2.515738e+04
             37    -9.441014878841e-01   3.055090561144e-04   2.755110e+04
             38    -9.205387916688e-01   3.851589698581e-04   2.762351e+04
             39    -9.610488317464e-01   4.951958582588e-04   2.863168e+04
             40    -9.271422824883e-01   2.913623348765e-04   2.944946e+04
             41    -9.443713195139e-01   4.565280140541e-04   2.650249e+04
             42    -8.970520084663e-01   3.752681158069e-04   2.882537e+04
             43    -9.124567454614e-01   3.117906028217e-04   2.975900e+04
             44    -8.872583866452e-01   2.908494672783e-04   2.937115e+04
             45    -9.231445766503e-01   3.692160829149e-04   2.844234e+04
             46    -9.035481947029e-01   4.614228734558e-04   3.233175e+04
             47    -8.957293989984e-01   3.532046760999e-04   2.761199e+04
             48    -8.997850748136e-01   3.976859829350e-04   2.929379e+04
             49    -9.073780922523e-01   3.624192060630e-04   2.628786e+04
             50    -9.375303516673e-01   5.202113007805e-04   3.050052e+04
             51    -9.217168315320e-01   3.738439131069e-04   3.055999e+04
             52    -9.121756640231e-01   3.744781424571e-04   2.560018e+04
             53    -9.322061103304e-01   3.756859666715e-04   2.791806e+04
             54    -8.982755156148e-01   2.929471289029e-04   2.705301e+04
             55    -9.251707313264e-01   3.957113861039e-04   3.082191e+04
             56    -9.126980187929e-01   3.552535927884e-04   2.677320e+04
             57    -9.336062357964e-01   4.274130017011e-04   2.786069e+04
             58    -8.927624652810e-01   3.260160869795e-04   2.970619e+04
             59    -9.115877484027e-01   4.166064360431e-04   2.912868e+04
             60    -8.771674624535e-01   2.744937181575e-04   2.516539e+04
             61    -9.212268611904e-01   3.797706894279e-04   3.129179e+04
             62    -9.248232554604e-01   2.764056102100e-04   3.211534e+04
             63    -9.365201845220e-01   3.053000449601e-04   2.925868e+04
             64    -9.170770495383e-01   3.217974848898e-04   3.204857e+04
             65    -9.320672655229e-01   3.219862656507e-04   3.040097e+04
             66    -8.887464639335e-01   3.720374803553e-04   3.027209e+04
             67    -9.171939098477e-01   3.692809810280e-04   3.348542e+04
             68    -9.689004175404e-01   3.779610754611e-04   3.547452e+04
             69    -9.348757427235e-01   3.445273337992e-04   3.298364e+04
             70    -9.222854177466e-01   2.734910040604e-04   2.778846e+04
             71    -9.131227874610e-01   3.073668996586e-04   3.138330e+04
             72    -9.046163137567e-01   2.573987606523e-04   3.179164e+04
             73    -9.532633613136e-01   2.770610508343e-04   3.069740e+04
             74    -8.995028114691e-01   4.068252688355e-04   3.251652e+04
             75    -9.248984552552e-01   3.125957444381e-04   3.131870e+04
             76    -9.426557268584e-01   2.828565845268e-04   2.785101e+04
             77    -9.098368373326e-01   2.780309093151e-04   3.218427e+04
             78    -9.155766420421e-01   4.726315552415e-04   3.414217e+04
             79    -8.974549458308e-01   6.172039754404e-04   3.229495e+04
             80    -9.244615022553e-01   4.178069000309e-04   2.923092e+04
             81    -9.139586475334e-01   3.085735588824e-04   2.875941e+04
             82    -9.158749192314e-01   3.051139213326e-04   3.579921e+04
             83    -9.331404261518e-01   4.040099207950e-04   2.909161e+04
             84    -8.912747853219e-01   3.268609296120e-04   3.095760e+04
             85    -9.060743670906e-01   3.148299656160e-04   3.356742e+04
             86    -9.197396889687e-01   3.427216303231e-04   2.751964e+04
             87    -8.969940636779e-01   5.022055664598e-04   3.086028e+04
             88    -9.349596462188e-01   4.680921514890e-04   3.149102e+04
             89    -8.863164550674e-01   3.183769614470e-04   3.218807e+04
             90    -9.238064453855e-01   3.661786745364e-04   3.173660e+04
             91    -9.222615106806e-01   4.372558014342e-04   3.350218e+04
             92    -9.304372615486e-01   4.569034649239e-04   3.361443e+04
             93    -9.309005781923e-01   2.939880494269e-04   3.336872e+04
             94    -9.264644986562e-01   3.726430160433e-04   3.420882e+04
             95    -9.008124088858e-01   3.479506206204e-04   3.478994e+04
             96    -9.258804149698e-01   3.471015975721e-04   3.185889e+04
             97    -9.503652028682e-01   3.680474934291e-04   3.246184e+04
             98    -9.499853639576e-01   4.161773944703e-04   2.872654e+04
             99    -9.214883807983e-01   4.620454569694e-04   3.255345e+04
            100    -9.139954636799e-01   3.372234367900e-04   2.804103e+04
            101    -9.153126554055e-01   3.631661585146e-04   2.826156e+04
            102    -9.234323833161e-01   3.421112497524e-04   3.059114e+04
            103    -9.138444781395e-01   4.149091441110e-04   3.016495e+04
            104    -8.913211201527e-01   3.921532538395e-04   2.921120e+04
            105    -8.672420070043e-01   3.839735252651e-04   2.989432e+04
            106    -9.271302060736e-01   3.575236305958e-04   3.202703e+04
            107    -9.176658641981e-01   4.959641903383e-04   3.336646e+04
            108    -9.170008228241e-01   4.207193502599e-04   3.223578e+04
            109    -8.992157907192e-01   2.788834087012e-04   2.676788e+04
            110    -9.171570350714e-01   3.108277139917e-04   3.794306e+04
            111    -9.311697771159e-01   3.294398121338e-04   2.990217e+04
            112    -8.857505868636e-01   3.336162917897e-04   3.382118e+04
            113    -9.084168899421e-01   3.048561168748e-04   2.892166e+04
            114    -8.939895523902e-01   3.678001979162e-04   3.059889e+04
            115    -9.134537897044e-01   3.083229880193e-04   2.954180e+04
            116    -9.084363883862e-01   4.023352330452e-04   3.032211e+04
            117    -9.036172540502e-01   3.964564686297e-04   3.163762e+04
            118    -9.048403974902e-01   5.812400502025e-04   3.129410e+04
            119    -9.509672653108e-01   4.270553413281e-04   3.262645e+04
            120    -9.117646431110e-01   3.778018055174e-04   2.701147e+04
            121    -9.068283629183e-01   6.088074672746e-04   3.112235e+04
            122    -9.051161618545e-01   3.688604419745e-04   2.819386e+04
            123    -9.198547885059e-01   3.729337574746e-04   2.574746e+04
            124    -9.256944473021e-01   3.752418330392e-04   3.243340e+04
            125    -9.292615980264e-01   3.661558632777e-04   2.628422e+04
            126    -8.992486802359e-01   2.383046800339e-04   2.876327e+04
            127    -9.463318134858e-01   3.785189474850e-04   3.367754e+04
            128    -8.970142042493e-01   3.566398916634e-04   3.634429e+04
            129    -9.261936895495e-01   3.588607435393e-04   3.053168e+04
            130    -9.507584800187e-01   3.600936975968e-04   3.157553e+04
            131    -9.385109731614e-01   3.534076610616e-04   2.883069e+04
            132    -9.436255406919e-01   3.916172040482e-04   2.802839e+04
            133    -9.825555568051e-01   3.842520891671e-04   3.365156e+04
            134    -9.336880477519e-01   2.983344660418e-04   3.216053e+04
            135    -9.223663371831e-01   3.307892813995e-04   2.925894e+04
            136    -9.108780732984e-01   3.776603281602e-04   2.762714e+04
            137    -8.742185774053e-01   3.289029168311e-04   2.883082e+04
            138    -9.226949082794e-01   3.355477445218e-04   3.217796e+04
            139    -9.346401362975e-01   3.217148671313e-04   3.040159e+04
            140    -9.333564489311e-01   3.044796912837e-04   2.906279e+04
            141    -9.438225366729e-01   3.274763458342e-04   3.231845e+04
            142    -9.330522158226e-01   2.963825962836e-04   3.198794e+04
            143    -9.202528446096e-01   3.737487229058e-04   2.973218e+04
            144    -9.011470842414e-01   2.844420156437e-04   2.513007e+04
            145    -9.306140653921e-01   3.350282000654e-04   3.149142e+04
            146    -9.269607606135e-01   3.567214920026e-04   3.270860e+04
            147    -9.020319877728e-01   3.974616238536e-04   2.951194e+04
            148    -8.878091840768e-01   2.931950024340e-04   2.849601e+04
            149    -9.455758472634e-01   4.179933239253e-04   3.029786e+04
            150    -9.011643866802e-01   3.577834556275e-04   3.189657e+04
            151    -8.869304436661e-01   3.850977143588e-04   2.645969e+04
            152    -9.161613080078e-01   4.401300965475e-04   3.281283e+04
            153    -9.102346542836e-01   2.807147009478e-04   2.840950e+04
            154    -9.008577006141e-01   4.456057741250e-04   2.839828e+04
            155    -9.037090442238e-01   2.760928444056e-04   3.086114e+04
            156    -9.089304447450e-01   3.576032465930e-04   3.167986e+04
            157    -8.988137130005e-01   3.156799288307e-04   2.899456e+04
            158    -9.574882810823e-01   4.650225097063e-04   3.190492e+04
            159    -9.068661735467e-01   2.474995461201e-04   2.856707e+04
            160    -9.053973283758e-01   4.215051910163e-04   3.087456e+04
            161    -8.987996686009e-01   9.473123163401e-04   2.900601e+04
            162    -9.419669679656e-01   4.327485952175e-04   2.972421e+04
            163    -8.767971452129e-01   4.354916473300e-04   3.066089e+04
            164    -9.393361240800e-01   2.754394672560e-04   3.103874e+04
            165    -8.894979307709e-01   2.898850389867e-04   3.096176e+04
            166    -9.236692275207e-01   4.427233249231e-04   3.325455e+04
            167    -9.250836316357e-01   4.297526383207e-04   3.011388e+04
            168    -9.310155492115e-01   4.424071323110e-04   2.888832e+04
            169    -9.317860375450e-01   3.130485661112e-04   3.341451e+04
            170    -9.314995614833e-01   4.152415248667e-04   3.143541e+04
            171    -9.057497825729e-01   3.189983112686e-04   3.219683e+04
            172    -9.297060011684e-01   3.457304539314e-04   3.071496e+04
            173    -9.266234862945e-01   4.771451865736e-04   3.162890e+04
            174    -9.277956432099e-01   3.874448702773e-04   3.059275e+04
            175    -9.312568675812e-01   3.788366644189e-04   2.954247e+04
            176    -9.496181738654e-01   3.398508686821e-04   3.059695e+04
            177    -9.484572602421e-01   4.622395888685e-04   3.128916e+04
            178    -9.372998445346e-01   3.698389637819e-04   3.047951e+04
            179    -8.879499495865e-01   2.545820744303e-04   2.666841e+04
            180    -8.815889345974e-01   3.140843367712e-04   2.863809e+04
            181    -9.524332617076e-01   5.701474921783e-04   3.171941e+04
            182    -8.870152944801e-01   3.485141999575e-04   2.594295e+04
            183    -9.330311851772e-01   3.487328386456e-04   3.389670e+04
            184    -9.418664333854e-01   3.392435090053e-04   3.009087e+04
            185    -9.366861299757e-01   3.120304742947e-04   3.110271e+04
            186    -9.744351202256e-01   4.622118575147e-04   3.312797e+04
            187    -9.201655786433e-01   6.073140023020e-04   3.122935e+04
            188    -9.081404253830e-01   3.639069209699e-04   2.523203e+04
            189    -8.916933495300e-01   2.859048373377e-04   3.429771e+04
            190    -9.097842004941e-01   2.920404698536e-04   2.941584e+04
            191    -9.190076347144e-01   3.594277907708e-04   2.858105e+04
            192    -9.174414372086e-01   3.559538548415e-04   2.932723e+04
            193    -9.262517557491e-01   3.439961967892e-04   3.140473e+04
            194    -9.355379437706e-01   2.879892227861e-04   3.470113e+04
            195    -9.308586586062e-01   4.517409029045e-04   2.993729e+04
            196    -9.153980908160e-01   2.550154419282e-04   3.204613e+04
            197    -9.391570858348e-01   3.971351130642e-04   3.150062e+04
            198    -9.302884906027e-01   3.548364805294e-04   2.962688e+04
            199    -8.951663202168e-01   2.933558604319e-04   2.776464e+04
            200    -9.137062466263e-01   5.116745375922e-04   2.990376e+04
            201    -9.169441545717e-01   4.581209212013e-04   3.285528e+04
            202    -8.987184395106e-01   2.312869666507e-04   2.507575e+04
            203    -9.521720825255e-01   3.541854655317e-04   2.720329e+04
            204    -8.819622680800e-01   3.130162849224e-04   2.803861e+04
            205    -9.603291254467e-01   7.670564435342e-04   3.421463e+04
            206    -9.250311606268e-01   2.824544377055e-04   3.286496e+04
            207    -9.059203543398e-01   3.017624960653e-04   3.274828e+04
            208    -9.160738696391e-01   3.515609859659e-04   3.350353e+04
            209    -8.704425738985e-01   2.949283875547e-04   2.693853e+04
            210    -9.264563545256e-01   3.294261063451e-04   2.896358e+04
            211    -9.484701227979e-01   3.522380426892e-04   3.050623e+04
            212    -8.968616485091e-01   3.561507983289e-04   3.218752e+04
            213    -9.375861986808e-01   3.132098424447e-04   2.764963e+04
            214    -9.307065414076e-01   2.722246399573e-04   3.325771e+04
            215    -8.872805588980e-01   2.438738274252e-04   2.562138e+04
            216    -9.254530085773e-01   3.422800744929e-04   3.316790e+04
            217    -9.490320905187e-01   4.108700855348e-04   3.494694e+04
            218    -9.151794391444e-01   2.703785940857e-04   2.710782e+04
            219    -9.246482048114e-01   3.989597068540e-04   3.035235e+04
            220    -9.224063897435e-01   3.070394721415e-04   3.023710e+04
            221    -9.208000000948e-01   3.235514311587e-04   2.888549e+04
            222    -9.160518364088e-01   3.165433096014e-04   2.957220e+04
            223    -8.996721734784e-01   4.191743429292e-04   2.877529e+04
            224    -9.578566623193e-01   3.608521627377e-04   3.145828e+04
            225    -9.098937418996e-01   3.275401505396e-04   2.968234e+04
            226    -9.307363587119e-01   2.337804631091e-04   2.999989e+04
            227    -9.240816604938e-01   2.840102307504e-04   3.115281e+04
            228    -9.044555461420e-01   4.191012626251e-04   2.702671e+04
            229    -9.172557519256e-01   3.649890493541e-04   3.210226e+04
            230    -9.160033027801e-01   3.702237973679e-04   2.984963e+04
            231    -9.174629180117e-01   3.270235259552e-04   2.799020e+04
            232    -9.179428239341e-01   4.569119820952e-04   3.130584e+04
            233    -9.311594014567e-01   3.802187562610e-04   2.987853e+04
            234    -9.147561627216e-01   3.273748507121e-04   2.918239e+04
            235    -9.353627003288e-01   2.498033920400e-04   2.859739e+04
            236    -8.887874748384e-01   2.465465714858e-04   2.928653e+04
            237    -9.014839898714e-01   4.404344419881e-04   3.302045e+04
            238    -9.620376577546e-01   4.952882416836e-04   2.885601e+04
            239    -9.487616859293e-01   6.831519544543e-04   3.633066e+04
            240    -9.276706727055e-01   3.708848841881e-04   3.170664e+04
            241    -9.100365888657e-01   4.260241016463e-04   3.183807e+04
            242    -9.100823256738e-01   4.462926117702e-04   3.007188e+04
            243    -8.928486270331e-01   2.775929238047e-04   2.746359e+04
            244    -9.446214567997e-01   3.902823814219e-04   3.017639e+04
            245    -9.065605975150e-01   2.665636951852e-04   2.904962e+04
            246    -9.377678224227e-01   3.830047190927e-04   3.181445e+04
            247    -9.103749091075e-01   3.082665242088e-04   3.003777e+04
            248    -9.272147585178e-01   4.081457972095e-04   3.150234e+04
            249    -9.386434750668e-01   3.531655984509e-04   3.013834e+04
            250    -9.211843749796e-01   4.686835734309e-04   3.075507e+04
            251    -9.564504511593e-01   3.173899949890e-04   3.182678e+04
            252    -8.942095213716e-01   5.557942662809e-04   3.539417e+04
            253    -9.303409356731e-01   3.261069554269e-04   3.245503e+04
            254    -9.039361049808e-01   3.939473958782e-04   2.476831e+04
            255    -9.524924321932e-01   3.390972435265e-04   2.993305e+04
            256    -9.475457874574e-01   4.867275126502e-04   2.630843e+04
            257    -9.493359067493e-01   4.217347204060e-04   3.060104e+04
            258    -9.082298703908e-01   2.838982438127e-04   3.007931e+04
            259    -8.970427737055e-01   3.547048597892e-04   2.896749e+04
            260    -9.559607555779e-01   2.984359147255e-04   3.161022e+04
            261    -9.370270685632e-01   4.567142734454e-04   2.833360e+04
            262    -9.356479648392e-01   3.898538419061e-04   3.100987e+04
            263    -9.689765676907e-01   4.767517302762e-04   3.176004e+04
            264    -8.855201107534e-01   2.814147066422e-04   2.874650e+04
            265    -9.145292117364e-01   2.392523378713e-04   2.587098e+04
            266    -9.388186583637e-01   3.802045888898e-04   3.374688e+04
            267    -9.052699001899e-01   3.138960433187e-04   2.976748e+04
            268    -9.203601531410e-01   5.081141595939e-04   3.521740e+04
            269    -8.646905449316e-01   2.049374726865e-04   2.658274e+04
            270    -9.415334609146e-01   3.495938916342e-04   2.926715e+04
            271    -9.292186228839e-01   4.057960715520e-04   2.757610e+04
            272    -9.482963927474e-01   5.603473772529e-04   2.887316e+04
            273    -9.325432846569e-01   3.119953275626e-04   2.755196e+04
            274    -9.409341438068e-01   4.030867936870e-04   2.879184e+04
            275    -9.345585752176e-01   3.969462180917e-04   2.667641e+04
            276    -9.130040114085e-01   3.416211851101e-04   2.864655e+04
            277    -9.318940204136e-01   3.076545622550e-04   2.758476e+04
            278    -9.320876056119e-01   3.462711619663e-04   3.395040e+04
            279    -9.045089442959e-01   3.964446956817e-04   3.360956e+04
            280    -8.979733775356e-01   4.386481356719e-04   2.887994e+04
            281    -9.423928409264e-01   4.656357883044e-04   3.640747e+04
            282    -8.904364215594e-01   3.057654613264e-04   2.748935e+04
            283    -9.199062860284e-01   3.876143896859e-04   2.974074e+04
            284    -9.301496199594e-01   4.025655647116e-04   3.164220e+04
            285    -9.057822031051e-01   4.279821302223e-04   2.760978e+04
            286    -9.126307818330e-01   2.516390625783e-04   2.552621e+04
            287    -9.261486703981e-01   3.844208147970e-04   2.872981e+04
            288    -9.248216117434e-01   3.654022626344e-04   3.057225e+04
            289    -9.680621381502e-01   4.657769930734e-04   3.145554e+04
            290    -9.055829778906e-01   2.983193375893e-04   3.329844e+04
            291    -9.006067694406e-01   3.824786393798e-04   3.056715e+04
            292    -9.239217036570e-01   5.299039528424e-04   3.338894e+04
            293    -9.226104156025e-01   3.437741127378e-04   2.814783e+04
            294    -9.021980839795e-01   3.332399277294e-04   3.591920e+04
            295    -8.673672582493e-01   4.276562307188e-04   2.893436e+04
            296    -9.228381615999e-01   4.480403981604e-04   3.225538e+04
            297    -8.933969192195e-01   3.873417712191e-04   3.142967e+04
            298    -8.999748969510e-01   2.987042187290e-04   3.673585e+04
            299    -9.288692976753e-01   6.642753926241e-04   2.985492e+04
            300    -8.877688062594e-01   3.635345866697e-04   2.815428e+04
            301    -9.592123582368e-01   3.569018991524e-04   3.063842e+04
            302    -9.278467694284e-01   3.450505528334e-04   2.689457e+04
            303    -9.193002596666e-01   6.355428353552e-04   2.921785e+04
            304    -9.468890415783e-01   5.511540545876e-04   3.290048e+04
            305    -9.015608577193e-01   3.601404279878e-04   2.828242e+04
            306    -9.379512103604e-01   3.194244100472e-04   3.300594e+04
            307    -9.460009898885e-01   5.437980953232e-04   3.340470e+04
            308    -9.062021754791e-01   3.478142493238e-04   2.816840e+04
            309    -9.411771112902e-01   4.860553267194e-04   3.632077e+04
            310    -8.966383344042e-01   2.757565752977e-04   2.923495e+04
            311    -9.458151270490e-01   6.573262147554e-04   3.405505e+04
            312    -9.119086820357e-01   3.752908394710e-04   3.159957e+04
            313    -9.265279244497e-01   3.281016010572e-04   2.821254e+04
            314    -9.431498887794e-01   4.145742833444e-04   3.601916e+04
            315    -8.680086614948e-01   2.956777042855e-04   3.066974e+04
            316    -8.793198877670e-01   3.982793853038e-04   2.812265e+04
            317    -9.137720222442e-01   2.409408897177e-04   3.073310e+04
            318    -9.164182361065e-01   2.814361164810e-04   3.130974e+04
            319    -9.534155298416e-01   4.370847917581e-04   3.298367e+04
