8
  0     0     0     0    1.9746772
  0     0     0     2   -0.012934923
  0     0     1     1   0.0044906491
  0     0     1     7   -0.00065282421
  0     0     2     0   -0.012934923
  0     0     2     2   0.0054038388
  0     0     3     3   0.0068474206
  0     0     4     4   0.0068474206
  0     0     5     5   -0.0298704
  0     0     6     6   -0.0298704
  0     0     7     1   -0.00065282421
  0     0     7     7   -0.071117921
  0     1     0     1    3.9459611
  0     1     0     7   -0.048685242
  0     1     1     0   -1.9724408
  0     1     1     2   0.01429598
  0     1     2     1   -0.029783021
  0     1     2     7   0.00033732332
  0     1     3     5   0.0023369956
  0     1     3     6   0.00050734993
  0     1     4     5   -0.00050734993
  0     1     4     6   0.0023369956
  0     1     5     3   0.0020293078
  0     1     5     4   -0.00044053959
  0     1     6     3   0.00044053959
  0     1     6     4   0.0020293078
  0     1     7     0   0.024810819
  0     1     7     2   9.2238424e-05
  0     2     0     0   -0.012934923
  0     2     0     2    3.9142174
  0     2     1     1   -0.00056403109
  0     2     1     7   0.00087869837
  0     2     2     0   -1.9537189
  0     2     2     2   -0.011796924
  0     2     3     3   -0.0022079829
  0     2     4     4   -0.0022079829
  0     2     5     5   0.015089752
  0     2     6     6   0.015089752
  0     2     7     1   -0.0019181159
  0     2     7     7   -0.060324152
  0     3     0     3    3.7553288
  0     3     1     5   -2.1279157e-05
  0     3     1     6   -4.6171977e-06
  0     3     2     3   -0.021280563
  0     3     3     0   -1.8722658
  0     3     3     2   0.015427278
  0     3     5     1   -0.00076753209
  0     3     5     7   -0.02311582
  0     3     6     1   -0.00016662911
  0     3     6     7   -0.0050182792
  0     3     7     5   -0.095915464
  0     3     7     6   -0.020823026
  0     4     0     4    3.7553288
  0     4     1     5   4.6171977e-06
  0     4     1     6   -2.1279157e-05
  0     4     2     4   -0.021280563
  0     4     4     0   -1.8722658
  0     4     4     2   0.015427278
  0     4     5     1   0.00016662911
  0     4     5     7   0.0050182792
  0     4     6     1   -0.00076753209
  0     4     6     7   -0.02311582
  0     4     7     5   0.020823026
  0     4     7     6   -0.095915464
  0     5     0     5    0.2290716
  0     5     1     3   0.00029343575
  0     5     1     4   -6.3705182e-05
  0     5     2     5   -0.0067763921
  0     5     3     1   -0.0001869969
  0     5     3     7   -0.038723166
  0     5     4     1   4.0597994e-05
  0     5     4     7   0.0084066373
  0     5     5     0   -0.11623983
  0     5     5     2   -3.073272e-05
  0     5     7     3   0.037995423
  0     5     7     4   -0.0082486489
  0     6     0     6    0.2290716
  0     6     1     3   6.3705182e-05
  0     6     1     4   0.00029343575
  0     6     2     6   -0.0067763921
  0     6     3     1   -4.0597994e-05
  0     6     3     7   -0.0084066373
  0     6     4     1   -0.0001869969
  0     6     4     7   -0.038723166
  0     6     6     0   -0.11623983
  0     6     6     2   -3.073272e-05
  0     6     7     3   0.0082486489
  0     6     7     4   0.037995423
  0     7     0     1   -0.048685242
  0     7     0     7   0.065998691
  0     7     1     0   0.024810819
  0     7     1     2   5.4460328e-05
  0     7     2     1   -0.00072418884
  0     7     2     7   -0.02214719
  0     7     3     5   -0.0025321682
  0     7     3     6   -0.00054972653
  0     7     4     5   0.00054972653
  0     7     4     6   -0.0025321682
  0     7     5     3   0.0013159972
  0     7     5     4   -0.00028569508
  0     7     6     3   0.00028569508
  0     7     6     4   0.0013159972
  0     7     7     0   -0.028057953
  0     7     7     2   0.023901432
  1     0     0     1   -1.9724408
  1     0     0     7   0.024810819
  1     0     1     0    3.9459611
  1     0     1     2   -0.029783021
  1     0     2     1   0.01429598
  1     0     2     7   9.2238424e-05
  1     0     3     5   0.0020293078
  1     0     3     6   0.00044053959
  1     0     4     5   -0.00044053959
  1     0     4     6   0.0020293078
  1     0     5     3   0.0023369956
  1     0     5     4   -0.00050734993
  1     0     6     3   0.00050734993
  1     0     6     4   0.0023369956
  1     0     7     0   -0.048685242
  1     0     7     2   0.00033732332
  1     1     0     0   0.0044906491
  1     1     0     2   -0.00056403109
  1     1     1     1    1.9860177
  1     1     1     7   -0.025012783
  1     1     2     0   -0.00056403109
  1     1     2     2   0.0063564652
  1     1     3     3   0.020585862
  1     1     4     4   0.020585862
  1     1     5     5   -0.1005492
  1     1     6     6   -0.1005492
  1     1     7     1   -0.025012783
  1     1     7     7   -0.035276163
  1     2     0     1   0.01429598
  1     2     0     7   5.4460328e-05
  1     2     1     0   -0.029783021
  1     2     1     2    3.9159676
  1     2     2     1   -1.9573893
  1     2     2     7   0.023348036
  1     2     3     5   -0.0024362133
  1     2     3     6   -0.00052887465
  1     2     4     5   0.00052887465
  1     2     4     6   -0.0024362133
  1     2     5     3   -0.0022795688
  1     2     5     4   0.00049490559
  1     2     6     3   -0.00049490559
  1     2     6     4   -0.0022795688
  1     2     7     0   -0.00072418884
  1     2     7     2   -0.049057139
  1     3     0     5   0.00029343575
  1     3     0     6   6.3705182e-05
  1     3     1     3     3.753096
  1     3     2     5   -0.00052403355
  1     3     2     6   -0.00011376814
  1     3     3     1    -1.876591
  1     3     3     7   0.024510546
  1     3     5     0   -0.0001869969
  1     3     5     2   0.00036126002
  1     3     6     0   -4.0597994e-05
  1     3     6     2   7.8425018e-05
  1     3     7     3   -0.048873563
  1     4     0     5   -6.3705182e-05
  1     4     0     6   0.00029343575
  1     4     1     4     3.753096
  1     4     2     5   0.00011376814
  1     4     2     6   -0.00052403355
  1     4     4     1    -1.876591
  1     4     4     7   0.024510546
  1     4     5     0   4.0597994e-05
  1     4     5     2   -7.8425018e-05
  1     4     6     0   -0.0001869969
  1     4     6     2   0.00036126002
  1     4     7     4   -0.048873563
  1     5     0     3   -2.1279157e-05
  1     5     0     4   4.6171977e-06
  1     5     1     5   0.22452322
  1     5     2     3   -0.003476084
  1     5     2     4   0.0007546422
  1     5     3     0   -0.00076753209
  1     5     3     2   0.0013638695
  1     5     4     0   0.00016662911
  1     5     4     2   -0.00029609414
  1     5     5     1   -0.11221112
  1     5     5     7   0.0001500945
  1     5     7     5   -0.00038350213
  1     6     0     3   -4.6171977e-06
  1     6     0     4   -2.1279157e-05
  1     6     1     6   0.22452322
  1     6     2     3   -0.0007546422
  1     6     2     4   -0.003476084
  1     6     3     0   -0.00016662911
  1     6     3     2   0.00029609414
  1     6     4     0   -0.00076753209
  1     6     4     2   0.0013638695
  1     6     6     1   -0.11221112
  1     6     6     7   0.0001500945
  1     6     7     6   -0.00038350213
  1     7     0     0   -0.00065282421
  1     7     0     2   0.00087869837
  1     7     1     1   -0.025012783
  1     7     1     7   0.081594398
  1     7     2     0   -0.0019181159
  1     7     2     2   -0.0022918302
  1     7     3     3   -0.00080050476
  1     7     4     4   -0.00080050476
  1     7     5     5   0.002260968
  1     7     6     6   0.002260968
  1     7     7     1   -0.04017646
  1     7     7     7   0.00096680861
  2     0     0     0   -0.012934923
  2     0     0     2   -1.9537189
  2     0     1     1   -0.00056403109
  2     0     1     7   -0.0019181159
  2     0     2     0    3.9142174
  2     0     2     2   -0.011796924
  2     0     3     3   -0.0022079829
  2     0     4     4   -0.0022079829
  2     0     5     5   0.015089752
  2     0     6     6   0.015089752
  2     0     7     1   0.00087869837
  2     0     7     7   -0.060324152
  2     1     0     1   -0.029783021
  2     1     0     7   -0.00072418884
  2     1     1     0   0.01429598
  2     1     1     2   -1.9573893
  2     1     2     1    3.9159676
  2     1     2     7   -0.049057139
  2     1     3     5   -0.0022795688
  2     1     3     6   -0.00049490559
  2     1     4     5   0.00049490559
  2     1     4     6   -0.0022795688
  2     1     5     3   -0.0024362133
  2     1     5     4   0.00052887465
  2     1     6     3   -0.00052887465
  2     1     6     4   -0.0024362133
  2     1     7     0   5.4460328e-05
  2     1     7     2   0.023348036
  2     2     0     0   0.0054038388
  2     2     0     2   -0.011796924
  2     2     1     1   0.0063564652
  2     2     1     7   -0.0022918302
  2     2     2     0   -0.011796924
  2     2     2     2    1.9493172
  2     2     3     3   0.0094329364
  2     2     4     4   0.0094329364
  2     2     5     5   -0.041348664
  2     2     6     6   -0.041348664
  2     2     7     1   -0.0022918302
  2     2     7     7   -0.10887451
  2     3     0     3   -0.021280563
  2     3     1     5   -0.003476084
  2     3     1     6   -0.0007546422
  2     3     2     3    3.7336828
  2     3     3     0   0.015427278
  2     3     3     2   -1.8640268
  2     3     5     1   0.0013638695
  2     3     5     7   0.067158787
  2     3     6     1   0.00029609414
  2     3     6     7   0.014579825
  2     3     7     5   -0.18881841
  2     3     7     6   -0.040991657
  2     4     0     4   -0.021280563
  2     4     1     5   0.0007546422
  2     4     1     6   -0.003476084
  2     4     2     4    3.7336828
  2     4     4     0   0.015427278
  2     4     4     2   -1.8640268
  2     4     5     1   -0.00029609414
  2     4     5     7   -0.014579825
  2     4     6     1   0.0013638695
  2     4     6     7   0.067158787
  2     4     7     5   0.040991657
  2     4     7     6   -0.18881841
  2     5     0     5   -0.0067763921
  2     5     1     3   -0.00052403355
  2     5     1     4   0.00011376814
  2     5     2     5   0.21918885
  2     5     3     1   0.00036126002
  2     5     3     7   -0.044815048
  2     5     4     1   -7.8425018e-05
  2     5     4     7   0.0097291534
  2     5     5     0   -3.073272e-05
  2     5     5     2   -0.1118798
  2     5     7     3   0.070621849
  2     5     7     4   -0.015331699
  2     6     0     6   -0.0067763921
  2     6     1     3   -0.00011376814
  2     6     1     4   -0.00052403355
  2     6     2     6   0.21918885
  2     6     3     1   7.8425018e-05
  2     6     3     7   -0.0097291534
  2     6     4     1   0.00036126002
  2     6     4     7   -0.044815048
  2     6     6     0   -3.073272e-05
  2     6     6     2   -0.1118798
  2     6     7     3   0.015331699
  2     6     7     4   0.070621849
  2     7     0     1   0.00033732332
  2     7     0     7   -0.02214719
  2     7     1     0   9.2238424e-05
  2     7     1     2   0.023348036
  2     7     2     1   -0.049057139
  2     7     2     7   0.047755359
  2     7     3     5   -0.003096672
  2     7     3     6   -0.00067227525
  2     7     4     5   0.00067227525
  2     7     4     6   -0.003096672
  2     7     5     3   -0.002377097
  2     7     5     4   0.00051605284
  2     7     6     3   -0.00051605284
  2     7     6     4   -0.002377097
  2     7     7     0   0.023901432
  2     7     7     2   0.0026040243
  3     0     0     3   -1.8722658
  3     0     1     5   -0.00076753209
  3     0     1     6   -0.00016662911
  3     0     2     3   0.015427278
  3     0     3     0    3.7553288
  3     0     3     2   -0.021280563
  3     0     5     1   -2.1279157e-05
  3     0     5     7   -0.095915464
  3     0     6     1   -4.6171977e-06
  3     0     6     7   -0.020823026
  3     0     7     5   -0.02311582
  3     0     7     6   -0.0050182792
  3     1     0     5   -0.0001869969
  3     1     0     6   -4.0597994e-05
  3     1     1     3    -1.876591
  3     1     2     5   0.00036126002
  3     1     2     6   7.8425018e-05
  3     1     3     1     3.753096
  3     1     3     7   -0.048873563
  3     1     5     0   0.00029343575
  3     1     5     2   -0.00052403355
  3     1     6     0   6.3705182e-05
  3     1     6     2   -0.00011376814
  3     1     7     3   0.024510546
  3     2     0     3   0.015427278
  3     2     1     5   0.0013638695
  3     2     1     6   0.00029609414
  3     2     2     3   -1.8640268
  3     2     3     0   -0.021280563
  3     2     3     2    3.7336828
  3     2     5     1   -0.003476084
  3     2     5     7   -0.18881841
  3     2     6     1   -0.0007546422
  3     2     6     7   -0.040991657
  3     2     7     5   0.067158787
  3     2     7     6   0.014579825
  3     3     0     0   0.0068474206
  3     3     0     2   -0.0022079829
  3     3     1     1   0.020585862
  3     3     1     7   -0.00080050476
  3     3     2     0   -0.0022079829
  3     3     2     2   0.0094329364
  3     3     3     3    1.8457381
  3     3     4     4   0.010889418
  3     3     5     5   -0.32798359
  3     3     5     6   -0.064258954
  3     3     6     5   -0.064258954
  3     3     6     6   -0.045938212
  3     3     7     1   -0.00080050476
  3     3     7     7   -0.027959259
  3     4     3     4    3.6079108
  3     4     4     3   -1.7730633
  3     4     5     5   0.064258963
  3     4     5     6   -0.2946315
  3     4     6     5   0.012590432
  3     4     6     6   -0.064258963
  3     5     0     1   0.0023369956
  3     5     0     7   -0.0025321682
  3     5     1     0   0.0020293078
  3     5     1     2   -0.0024362133
  3     5     2     1   -0.0022795688
  3     5     2     7   -0.003096672
  3     5     3     5   0.065578738
  3     5     3     6   -0.025534021
  3     5     4     5   0.025534025
  3     5     4     6   -0.0035211683
  3     5     5     3   0.0091058492
  3     5     5     4   -0.02507566
  3     5     6     3   0.02507566
  3     5     6     4   -0.0049182014
  3     5     7     0   0.0013159972
  3     5     7     2   -0.002377097
  3     6     0     1   0.00050734993
  3     6     0     7   -0.00054972653
  3     6     1     0   0.00044053959
  3     6     1     2   -0.00052887465
  3     6     2     1   -0.00049490559
  3     6     2     7   -0.00067227525
  3     6     3     5   -0.025534021
  3     6     3     6   0.17765259
  3     6     4     5   -0.10855107
  3     6     4     6   -0.025534025
  3     6     5     3   0.02507566
  3     6     5     4   0.11497934
  3     6     6     3   -0.10095545
  3     6     6     4   0.02507566
  3     6     7     0   0.00028569508
  3     6     7     2   -0.00051605284
  3     7     0     5   -0.038723166
  3     7     0     6   -0.0084066373
  3     7     1     3   0.024510546
  3     7     2     5   -0.044815048
  3     7     2     6   -0.0097291534
  3     7     3     1   -0.048873563
  3     7     3     7   0.061856163
  3     7     5     0   0.037995423
  3     7     5     2   0.070621849
  3     7     6     0   0.0082486489
  3     7     6     2   0.015331699
  3     7     7     3   -0.03488952
  4     0     0     4   -1.8722658
  4     0     1     5   0.00016662911
  4     0     1     6   -0.00076753209
  4     0     2     4   0.015427278
  4     0     4     0    3.7553288
  4     0     4     2   -0.021280563
  4     0     5     1   4.6171977e-06
  4     0     5     7   0.020823026
  4     0     6     1   -2.1279157e-05
  4     0     6     7   -0.095915464
  4     0     7     5   0.0050182792
  4     0     7     6   -0.02311582
  4     1     0     5   4.0597994e-05
  4     1     0     6   -0.0001869969
  4     1     1     4    -1.876591
  4     1     2     5   -7.8425018e-05
  4     1     2     6   0.00036126002
  4     1     4     1     3.753096
  4     1     4     7   -0.048873563
  4     1     5     0   -6.3705182e-05
  4     1     5     2   0.00011376814
  4     1     6     0   0.00029343575
  4     1     6     2   -0.00052403355
  4     1     7     4   0.024510546
  4     2     0     4   0.015427278
  4     2     1     5   -0.00029609414
  4     2     1     6   0.0013638695
  4     2     2     4   -1.8640268
  4     2     4     0   -0.021280563
  4     2     4     2    3.7336828
  4     2     5     1   0.0007546422
  4     2     5     7   0.040991657
  4     2     6     1   -0.003476084
  4     2     6     7   -0.18881841
  4     2     7     5   -0.014579825
  4     2     7     6   0.067158787
  4     3     3     4   -1.7730633
  4     3     4     3    3.6079108
  4     3     5     5   0.064258963
  4     3     5     6   0.012590432
  4     3     6     5   -0.2946315
  4     3     6     6   -0.064258963
  4     4     0     0   0.0068474206
  4     4     0     2   -0.0022079829
  4     4     1     1   0.020585862
  4     4     1     7   -0.00080050476
  4     4     2     0   -0.0022079829
  4     4     2     2   0.0094329364
  4     4     3     3   0.010889418
  4     4     4     4    1.8457381
  4     4     5     5   -0.045938212
  4     4     5     6   0.064258954
  4     4     6     5   0.064258954
  4     4     6     6   -0.32798359
  4     4     7     1   -0.00080050476
  4     4     7     7   -0.027959259
  4     5     0     1   -0.00050734993
  4     5     0     7   0.00054972653
  4     5     1     0   -0.00044053959
  4     5     1     2   0.00052887465
  4     5     2     1   0.00049490559
  4     5     2     7   0.00067227525
  4     5     3     5   0.025534025
  4     5     3     6   -0.10855107
  4     5     4     5   0.17765259
  4     5     4     6   0.025534021
  4     5     5     3   -0.02507566
  4     5     5     4   -0.10095545
  4     5     6     3   0.11497934
  4     5     6     4   -0.02507566
  4     5     7     0   -0.00028569508
  4     5     7     2   0.00051605284
  4     6     0     1   0.0023369956
  4     6     0     7   -0.0025321682
  4     6     1     0   0.0020293078
  4     6     1     2   -0.0024362133
  4     6     2     1   -0.0022795688
  4     6     2     7   -0.003096672
  4     6     3     5   -0.0035211683
  4     6     3     6   -0.025534025
  4     6     4     5   0.025534021
  4     6     4     6   0.065578738
  4     6     5     3   -0.0049182014
  4     6     5     4   -0.02507566
  4     6     6     3   0.02507566
  4     6     6     4   0.0091058492
  4     6     7     0   0.0013159972
  4     6     7     2   -0.002377097
  4     7     0     5   0.0084066373
  4     7     0     6   -0.038723166
  4     7     1     4   0.024510546
  4     7     2     5   0.0097291534
  4     7     2     6   -0.044815048
  4     7     4     1   -0.048873563
  4     7     4     7   0.061856163
  4     7     5     0   -0.0082486489
  4     7     5     2   -0.015331699
  4     7     6     0   0.037995423
  4     7     6     2   0.070621849
  4     7     7     4   -0.03488952
  5     0     0     5   -0.11623983
  5     0     1     3   -0.0001869969
  5     0     1     4   4.0597994e-05
  5     0     2     5   -3.073272e-05
  5     0     3     1   0.00029343575
  5     0     3     7   0.037995423
  5     0     4     1   -6.3705182e-05
  5     0     4     7   -0.0082486489
  5     0     5     0    0.2290716
  5     0     5     2   -0.0067763921
  5     0     7     3   -0.038723166
  5     0     7     4   0.0084066373
  5     1     0     3   -0.00076753209
  5     1     0     4   0.00016662911
  5     1     1     5   -0.11221112
  5     1     2     3   0.0013638695
  5     1     2     4   -0.00029609414
  5     1     3     0   -2.1279157e-05
  5     1     3     2   -0.003476084
  5     1     4     0   4.6171977e-06
  5     1     4     2   0.0007546422
  5     1     5     1   0.22452322
  5     1     5     7   -0.00038350213
  5     1     7     5   0.0001500945
  5     2     0     5   -3.073272e-05
  5     2     1     3   0.00036126002
  5     2     1     4   -7.8425018e-05
  5     2     2     5   -0.1118798
  5     2     3     1   -0.00052403355
  5     2     3     7   0.070621849
  5     2     4     1   0.00011376814
  5     2     4     7   -0.015331699
  5     2     5     0   -0.0067763921
  5     2     5     2   0.21918885
  5     2     7     3   -0.044815048
  5     2     7     4   0.0097291534
  5     3     0     1   0.0020293078
  5     3     0     7   0.0013159972
  5     3     1     0   0.0023369956
  5     3     1     2   -0.0022795688
  5     3     2     1   -0.0024362133
  5     3     2     7   -0.002377097
  5     3     3     5   0.0091058492
  5     3     3     6   0.02507566
  5     3     4     5   -0.02507566
  5     3     4     6   -0.0049182014
  5     3     5     3   0.065578738
  5     3     5     4   0.025534025
  5     3     6     3   -0.025534021
  5     3     6     4   -0.0035211683
  5     3     7     0   -0.0025321682
  5     3     7     2   -0.003096672
  5     4     0     1   -0.00044053959
  5     4     0     7   -0.00028569508
  5     4     1     0   -0.00050734993
  5     4     1     2   0.00049490559
  5     4     2     1   0.00052887465
  5     4     2     7   0.00051605284
  5     4     3     5   -0.02507566
  5     4     3     6   0.11497934
  5     4     4     5   -0.10095545
  5     4     4     6   -0.02507566
  5     4     5     3   0.025534025
  5     4     5     4   0.17765259
  5     4     6     3   -0.10855107
  5     4     6     4   0.025534021
  5     4     7     0   0.00054972653
  5     4     7     2   0.00067227525
  5     5     0     0   -0.0298704
  5     5     0     2   0.015089752
  5     5     1     1   -0.1005492
  5     5     1     7   0.002260968
  5     5     2     0   0.015089752
  5     5     2     2   -0.041348664
  5     5     3     3   -0.32798359
  5     5     3     4   0.064258963
  5     5     4     3   0.064258963
  5     5     4     4   -0.045938212
  5     5     5     5   0.075295887
  5     5     6     6   0.017407762
  5     5     7     1   0.002260968
  5     5     7     7   0.0095424079
  5     6     3     3   -0.064258954
  5     6     3     4   -0.2946315
  5     6     4     3   0.012590432
  5     6     4     4   0.064258954
  5     6     5     6   0.053989679
  5     6     6     5   0.0038972188
  5     7     0     3   -0.02311582
  5     7     0     4   0.0050182792
  5     7     1     5   0.0001500945
  5     7     2     3   0.067158787
  5     7     2     4   -0.014579825
  5     7     3     0   -0.095915464
  5     7     3     2   -0.18881841
  5     7     4     0   0.020823026
  5     7     4     2   0.040991657
  5     7     5     1   -0.00038350213
  5     7     5     7   0.021563418
  5     7     7     5   -0.0026340906
  6     0     0     6   -0.11623983
  6     0     1     3   -4.0597994e-05
  6     0     1     4   -0.0001869969
  6     0     2     6   -3.073272e-05
  6     0     3     1   6.3705182e-05
  6     0     3     7   0.0082486489
  6     0     4     1   0.00029343575
  6     0     4     7   0.037995423
  6     0     6     0    0.2290716
  6     0     6     2   -0.0067763921
  6     0     7     3   -0.0084066373
  6     0     7     4   -0.038723166
  6     1     0     3   -0.00016662911
  6     1     0     4   -0.00076753209
  6     1     1     6   -0.11221112
  6     1     2     3   0.00029609414
  6     1     2     4   0.0013638695
  6     1     3     0   -4.6171977e-06
  6     1     3     2   -0.0007546422
  6     1     4     0   -2.1279157e-05
  6     1     4     2   -0.003476084
  6     1     6     1   0.22452322
  6     1     6     7   -0.00038350213
  6     1     7     6   0.0001500945
  6     2     0     6   -3.073272e-05
  6     2     1     3   7.8425018e-05
  6     2     1     4   0.00036126002
  6     2     2     6   -0.1118798
  6     2     3     1   -0.00011376814
  6     2     3     7   0.015331699
  6     2     4     1   -0.00052403355
  6     2     4     7   0.070621849
  6     2     6     0   -0.0067763921
  6     2     6     2   0.21918885
  6     2     7     3   -0.0097291534
  6     2     7     4   -0.044815048
  6     3     0     1   0.00044053959
  6     3     0     7   0.00028569508
  6     3     1     0   0.00050734993
  6     3     1     2   -0.00049490559
  6     3     2     1   -0.00052887465
  6     3     2     7   -0.00051605284
  6     3     3     5   0.02507566
  6     3     3     6   -0.10095545
  6     3     4     5   0.11497934
  6     3     4     6   0.02507566
  6     3     5     3   -0.025534021
  6     3     5     4   -0.10855107
  6     3     6     3   0.17765259
  6     3     6     4   -0.025534025
  6     3     7     0   -0.00054972653
  6     3     7     2   -0.00067227525
  6     4     0     1   0.0020293078
  6     4     0     7   0.0013159972
  6     4     1     0   0.0023369956
  6     4     1     2   -0.0022795688
  6     4     2     1   -0.0024362133
  6     4     2     7   -0.002377097
  6     4     3     5   -0.0049182014
  6     4     3     6   0.02507566
  6     4     4     5   -0.02507566
  6     4     4     6   0.0091058492
  6     4     5     3   -0.0035211683
  6     4     5     4   0.025534021
  6     4     6     3   -0.025534025
  6     4     6     4   0.065578738
  6     4     7     0   -0.0025321682
  6     4     7     2   -0.003096672
  6     5     3     3   -0.064258954
  6     5     3     4   0.012590432
  6     5     4     3   -0.2946315
  6     5     4     4   0.064258954
  6     5     5     6   0.0038972188
  6     5     6     5   0.053989679
  6     6     0     0   -0.0298704
  6     6     0     2   0.015089752
  6     6     1     1   -0.1005492
  6     6     1     7   0.002260968
  6     6     2     0   0.015089752
  6     6     2     2   -0.041348664
  6     6     3     3   -0.045938212
  6     6     3     4   -0.064258963
  6     6     4     3   -0.064258963
  6     6     4     4   -0.32798359
  6     6     5     5   0.017407762
  6     6     6     6   0.075295887
  6     6     7     1   0.002260968
  6     6     7     7   0.0095424079
  6     7     0     3   -0.0050182792
  6     7     0     4   -0.02311582
  6     7     1     6   0.0001500945
  6     7     2     3   0.014579825
  6     7     2     4   0.067158787
  6     7     3     0   -0.020823026
  6     7     3     2   -0.040991657
  6     7     4     0   -0.095915464
  6     7     4     2   -0.18881841
  6     7     6     1   -0.00038350213
  6     7     6     7   0.021563418
  6     7     7     6   -0.0026340906
  7     0     0     1   0.024810819
  7     0     0     7   -0.028057953
  7     0     1     0   -0.048685242
  7     0     1     2   -0.00072418884
  7     0     2     1   5.4460328e-05
  7     0     2     7   0.023901432
  7     0     3     5   0.0013159972
  7     0     3     6   0.00028569508
  7     0     4     5   -0.00028569508
  7     0     4     6   0.0013159972
  7     0     5     3   -0.0025321682
  7     0     5     4   0.00054972653
  7     0     6     3   -0.00054972653
  7     0     6     4   -0.0025321682
  7     0     7     0   0.065998691
  7     0     7     2   -0.02214719
  7     1     0     0   -0.00065282421
  7     1     0     2   -0.0019181159
  7     1     1     1   -0.025012783
  7     1     1     7   -0.04017646
  7     1     2     0   0.00087869837
  7     1     2     2   -0.0022918302
  7     1     3     3   -0.00080050476
  7     1     4     4   -0.00080050476
  7     1     5     5   0.002260968
  7     1     6     6   0.002260968
  7     1     7     1   0.081594398
  7     1     7     7   0.00096680861
  7     2     0     1   9.2238424e-05
  7     2     0     7   0.023901432
  7     2     1     0   0.00033732332
  7     2     1     2   -0.049057139
  7     2     2     1   0.023348036
  7     2     2     7   0.0026040243
  7     2     3     5   -0.002377097
  7     2     3     6   -0.00051605284
  7     2     4     5   0.00051605284
  7     2     4     6   -0.002377097
  7     2     5     3   -0.003096672
  7     2     5     4   0.00067227525
  7     2     6     3   -0.00067227525
  7     2     6     4   -0.003096672
  7     2     7     0   -0.02214719
  7     2     7     2   0.047755359
  7     3     0     5   0.037995423
  7     3     0     6   0.0082486489
  7     3     1     3   -0.048873563
  7     3     2     5   0.070621849
  7     3     2     6   0.015331699
  7     3     3     1   0.024510546
  7     3     3     7   -0.03488952
  7     3     5     0   -0.038723166
  7     3     5     2   -0.044815048
  7     3     6     0   -0.0084066373
  7     3     6     2   -0.0097291534
  7     3     7     3   0.061856163
  7     4     0     5   -0.0082486489
  7     4     0     6   0.037995423
  7     4     1     4   -0.048873563
  7     4     2     5   -0.015331699
  7     4     2     6   0.070621849
  7     4     4     1   0.024510546
  7     4     4     7   -0.03488952
  7     4     5     0   0.0084066373
  7     4     5     2   0.0097291534
  7     4     6     0   -0.038723166
  7     4     6     2   -0.044815048
  7     4     7     4   0.061856163
  7     5     0     3   -0.095915464
  7     5     0     4   0.020823026
  7     5     1     5   -0.00038350213
  7     5     2     3   -0.18881841
  7     5     2     4   0.040991657
  7     5     3     0   -0.02311582
  7     5     3     2   0.067158787
  7     5     4     0   0.0050182792
  7     5     4     2   -0.014579825
  7     5     5     1   0.0001500945
  7     5     5     7   -0.0026340906
  7     5     7     5   0.021563418
  7     6     0     3   -0.020823026
  7     6     0     4   -0.095915464
  7     6     1     6   -0.00038350213
  7     6     2     3   -0.040991657
  7     6     2     4   -0.18881841
  7     6     3     0   -0.0050182792
  7     6     3     2   0.014579825
  7     6     4     0   -0.02311582
  7     6     4     2   0.067158787
  7     6     6     1   0.0001500945
  7     6     6     7   -0.0026340906
  7     6     7     6   0.021563418
  7     7     0     0   -0.071117921
  7     7     0     2   -0.060324152
  7     7     1     1   -0.035276163
  7     7     1     7   0.00096680861
  7     7     2     0   -0.060324152
  7     7     2     2   -0.10887451
  7     7     3     3   -0.027959259
  7     7     4     4   -0.027959259
  7     7     5     5   0.0095424079
  7     7     6     6   0.0095424079
  7     7     7     1   0.00096680861
  7     7     7     7   0.014961305
