  1     0     1     0   0.98733857876246
  1     0     3     2   0.0022453245384436
  1     0     4     1   0.0064674613813979
  1     0     5     0   -0.0064674613813979
  1     0     5     4   0.0027019193818835
  1     0     7     6   0.0034237102907839
  1     0     9     8   0.0034237102907839
  1     0    11    10   -0.014935199993869
  1     0    13    12   -0.014935199993869
  1     0    14     3   0.00032641210567463
  1     0    15     2   -0.00032641210567463
  1     0    15    14   -0.035558960681641
  2     0     2     0   0.98640032229207
  2     0     4     2   0.0073465005301179
  2     0    10     6   5.127693190156e-05
  2     0    10     8   -1.1136619905744e-05
  2     0    12     6   1.1136619905745e-05
  2     0    12     8   5.127693190156e-05
  2     0    14     0   -0.012249340379293
  2     0    14     4   4.0848814706462e-05
  2     1     2     1   0.98658024631177
  2     1     3     0   -0.00017992340561946
  2     1     4     3   -0.00019851035874943
  2     1     5     2   0.0075450100474465
  2     1    10     7   0.0011172208698737
  2     1    10     9   -0.0002425383465615
  2     1    11     6   -0.0010659308515837
  2     1    11     8   0.00023140641640856
  2     1    12     7   0.0002425383465615
  2     1    12     9   0.0011172208698737
  2     1    13     6   -0.00023140641640856
  2     1    13     8   -0.0010659308515838
  2     1    14     1   -0.012093280621202
  2     1    14     5   0.00012781284454182
  2     1    15     0   -0.00015606894962993
  2     1    15     4   -8.6968026462199e-05
  3     0     2     1   -0.00017992340561946
  3     0     3     0   0.98658024631177
  3     0     4     3   0.0075450100474465
  3     0     5     2   -0.00019851035874943
  3     0    10     7   -0.0010659308515838
  3     0    10     9   0.00023140641640856
  3     0    11     6   0.0011172208698737
  3     0    11     8   -0.00024253834656151
  3     0    12     7   -0.00023140641640856
  3     0    12     9   -0.0010659308515838
  3     0    13     6   0.00024253834656151
  3     0    13     8   0.0011172208698737
  3     0    14     1   -0.00015606894962993
  3     0    14     5   -8.6968026462198e-05
  3     0    15     0   -0.012093280621202
  3     0    15     4   0.00012781284454183
  3     1     3     1   0.98640032229207
  3     1     5     3   0.0073465005301179
  3     1    11     7   5.1276931901559e-05
  3     1    11     9   -1.1136619905744e-05
  3     1    13     7   1.1136619905743e-05
  3     1    13     9   5.1276931901561e-05
  3     1    15     1   -0.012249340379292
  3     1    15     5   4.0848814706462e-05
  3     2     1     0   0.0022453245384436
  3     2     3     2   0.99300886956359
  3     2     4     1   0.00028201554272601
  3     2     5     0   -0.00028201554272602
  3     2     5     4   0.0031782325873152
  3     2     7     6   0.010292930758861
  3     2     9     8   0.010292930758861
  3     2    11    10   -0.050274600066674
  3     2    13    12   -0.050274600066674
  3     2    14     3   0.01250639164578
  3     2    15     2   -0.01250639164578
  3     2    15    14   -0.017638081323808
  4     0     4     0    0.9779893822325
  4     0    14     2   0.00046613649142156
  4     1     1     0   0.0064674613813979
  4     1     3     2   0.00028201554272601
  4     1     4     1   0.97911933410201
  4     1     5     0   -0.001129952141433
  4     1     5     4   0.0058984619407052
  4     1     7     6   0.001103991445096
  4     1     9     8   0.001103991445096
  4     1    11    10   -0.0075448760829436
  4     1    13    12   -0.0075448760829436
  4     1    14     3   -2.6787307070915e-05
  4     1    15     2   0.00049292147338217
  4     1    15    14   0.030162076054378
  4     2     2     0   0.0073465005301179
  4     2     4     2   0.97889281542608
  4     2    10     6   -2.610596442972e-05
  4     2    10     8   5.6592837627914e-06
  4     2    12     6   -5.6592837627907e-06
  4     2    12     8   -2.6105964429717e-05
  4     2    14     0   0.00012977102409669
  4     2    14     4   0.012067528009451
  4     3     2     1   -0.00019851035874943
  4     3     3     0   0.0075450100474465
  4     3     4     3   0.97909096856944
  4     3     5     2   -0.00019815159763305
  4     3    10     7   -0.0011920006845971
  4     3    10     9   0.00025877804076484
  4     3    11     6   0.0011658903444638
  4     3    11     8   -0.00025311207681749
  4     3    12     7   -0.00025877804076484
  4     3    12     9   -0.0011920006845971
  4     3    13     6   0.00025311207681748
  4     3    13     8   0.0011658903444638
  4     3    14     1   -0.00010254085996095
  4     3    14     5   -0.00039350980512651
  4     3    15     0   0.00023232339666231
  4     3    15     4   0.01246104161501
  5     0     1     0   -0.0064674613813979
  5     0     3     2   -0.00028201554272602
  5     0     4     1   -0.001129952141433
  5     0     5     0   0.97911933410201
  5     0     5     4   -0.0058984619407052
  5     0     7     6   -0.001103991445096
  5     0     9     8   -0.001103991445096
  5     0    11    10   0.0075448760829437
  5     0    13    12   0.0075448760829436
  5     0    14     3   0.00049292147338216
  5     0    15     2   -2.6787307070921e-05
  5     0    15    14   -0.030162076054378
  5     1     5     1    0.9779893822325
  5     1    15     3   0.00046613649142156
  5     2     2     1   0.0075450100474465
  5     2     3     0   -0.00019851035874943
  5     2     4     3   -0.00019815159763305
  5     2     5     2   0.97909096856944
  5     2    10     7   0.0011658903444638
  5     2    10     9   -0.00025311207681748
  5     2    11     6   -0.0011920006845971
  5     2    11     8   0.00025877804076485
  5     2    12     7   0.00025311207681748
  5     2    12     9   0.0011658903444638
  5     2    13     6   -0.00025877804076485
  5     2    13     8   -0.0011920006845971
  5     2    14     1   0.00023232339666231
  5     2    14     5   0.01246104161501
  5     2    15     0   -0.00010254085996095
  5     2    15     4   -0.00039350980512651
  5     3     3     1   0.0073465005301179
  5     3     5     3   0.97889281542608
  5     3    11     7   -2.6105964429719e-05
  5     3    11     9   5.6592837627909e-06
  5     3    13     7   -5.6592837627909e-06
  5     3    13     9   -2.6105964429716e-05
  5     3    15     1   0.00012977102409669
  5     3    15     5   0.012067528009451
  5     4     1     0   0.0027019193818835
  5     4     3     2   0.0031782325873152
  5     4     4     1   0.0058984619407052
  5     4     5     0   -0.0058984619407052
  5     4     5     4   0.97465857585893
  5     4     7     6   0.004716468194326
  5     4     9     8   0.0047164681943259
  5     4    11    10   -0.020674331822443
  5     4    13    12   -0.020674331822443
  5     4    14     3   0.001145915112015
  5     4    15     2   -0.001145915112015
  5     4    15    14   -0.054437256523206
  6     0     6     0   0.93793242199052
  6     0     6     4   -0.0061179840956609
  6     0    10     2   0.00012437589351394
  6     0    12     2   2.7001054121418e-05
  6     0    14    10   0.012132942438743
  6     0    14    12   0.0026340780329422
  6     1     6     1   0.93973196551088
  6     1     6     5   -0.0045222974834969
  6     1     7     0   -0.0017995185556047
  6     1     7     4   -0.0015956547687275
  6     1    10     3   -0.00013501547222728
  6     1    11     2   0.00025939015244217
  6     1    12     3   -2.9309652984444e-05
  6     1    13     2   5.6313502981482e-05
  6     1    14    11   -0.023690852341818
  6     1    14    13   -0.0051432176506235
  6     1    15    10   0.035824789313779
  6     1    15    12   0.0077774347276613
  6     2     6     2   0.93828116654092
  6     2    10     0   8.0059743531963e-05
  6     2    10     4   -0.00014755811084313
  6     2    12     0   1.7381680914991e-05
  6     2    12     4   -3.2033671633828e-05
  6     2    14     6   0.012230689125549
  6     3     6     3   0.93826682945916
  6     3     7     2   1.4335008572709e-05
  6     3    10     1   6.6658133200949e-05
  6     3    10     5   -0.00011445866580089
  6     3    11     0   1.3438706586849e-05
  6     3    11     4   -3.3071899308127e-05
  6     3    12     1   1.4470910333778e-05
  6     3    12     5   -2.485039965836e-05
  6     3    13     0   2.9173161096077e-06
  6     3    13     4   -7.1788374124302e-06
  6     3    14     7   2.4584081814789e-05
  6     3    15     6   0.012206092476389
  6     4     6     0   -0.0061179840956609
  6     4     6     4   0.93295163041694
  6     4    10     2   -0.00080666465136487
  6     4    12     2   -0.00017512366933718
  6     4    14    10   0.042663205238491
  6     4    14    12   0.0092619779253988
  6     5     6     1   -0.0045222974834969
  6     5     6     5   0.93388975873398
  6     5     7     0   -0.0015956547687275
  6     5     7     4   -0.0009382207197133
  6     5    10     3   -0.00093137735122871
  6     5    11     2   0.00012472988703743
  6     5    12     3   -0.00020219742885481
  6     5    13     2   2.7076598118338e-05
  6     5    14    11   -0.0090838119131884
  6     5    14    13   -0.0019720653866538
  6     5    15    10   0.051745998728193
  6     5    15    12   0.011233850536213
  7     0     6     1   -0.0017995185556047
  7     0     6     5   -0.0015956547687275
  7     0     7     0   0.93973196551088
  7     0     7     4   -0.0045222974834969
  7     0    10     3   0.00025939015244216
  7     0    11     2   -0.00013501547222728
  7     0    12     3   5.6313502981481e-05
  7     0    13     2   -2.9309652984444e-05
  7     0    14    11   0.035824789313779
  7     0    14    13   0.0077774347276613
  7     0    15    10   -0.023690852341818
  7     0    15    12   -0.0051432176506235
  7     1     7     1   0.93793242199052
  7     1     7     5   -0.0061179840956609
  7     1    11     3   0.00012437589351394
  7     1    13     3   2.7001054121419e-05
  7     1    15    11   0.012132942438743
  7     1    15    13   0.0026340780329422
  7     2     6     3   1.4335008572709e-05
  7     2     7     2   0.93826682945916
  7     2    10     1   1.3438706586849e-05
  7     2    10     5   -3.3071899308125e-05
  7     2    11     0   6.6658133200951e-05
  7     2    11     4   -0.00011445866580089
  7     2    12     1   2.9173161096081e-06
  7     2    12     5   -7.1788374124295e-06
  7     2    13     0   1.4470910333779e-05
  7     2    13     4   -2.4850399658359e-05
  7     2    14     7   0.012206092476389
  7     2    15     6   2.4584081814786e-05
  7     3     7     3   0.93828116654092
  7     3    11     1   8.0059743531965e-05
  7     3    11     5   -0.00014755811084313
  7     3    13     1   1.7381680914991e-05
  7     3    13     5   -3.2033671633828e-05
  7     3    15     7   0.012230689125549
  7     4     6     1   -0.0015956547687275
  7     4     6     5   -0.0009382207197133
  7     4     7     0   -0.0045222974834969
  7     4     7     4   0.93388975873398
  7     4    10     3   0.00012472988703743
  7     4    11     2   -0.00093137735122872
  7     4    12     3   2.7076598118338e-05
  7     4    13     2   -0.00020219742885481
  7     4    14    11   0.051745998728193
  7     4    14    13   0.011233850536213
  7     4    15    10   -0.0090838119131884
  7     4    15    12   -0.0019720653866538
  7     5     7     1   -0.0061179840956609
  7     5     7     5   0.93295163041694
  7     5    11     3   -0.00080666465136487
  7     5    13     3   -0.00017512366933717
  7     5    15    11   0.042663205238491
  7     5    15    13   0.0092619779253988
  7     6     1     0   0.0034237102907839
  7     6     3     2   0.010292930758861
  7     6     4     1   0.001103991445096
  7     6     5     0   -0.001103991445096
  7     6     5     4   0.004716468194326
  7     6     7     6   0.92286905220701
  7     6     9     8   0.0054447091373606
  7     6    11    10   -0.16399179282494
  7     6    12    11   0.032129476855063
  7     6    13    10   -0.032129476855063
  7     6    13    12   -0.022969106112649
  7     6    14     3   0.00040025238222983
  7     6    15     2   -0.00040025238222984
  7     6    15    14   -0.013979629499849
  8     0     8     0   0.93793242199052
  8     0     8     4   -0.0061179840956609
  8     0    10     2   -2.7001054121419e-05
  8     0    12     2   0.00012437589351394
  8     0    14    10   -0.0026340780329422
  8     0    14    12   0.012132942438743
  8     1     8     1   0.93973196551088
  8     1     8     5   -0.0045222974834969
  8     1     9     0   -0.0017995185556047
  8     1     9     4   -0.0015956547687275
  8     1    10     3   2.9309652984441e-05
  8     1    11     2   -5.6313502981482e-05
  8     1    12     3   -0.00013501547222728
  8     1    13     2   0.00025939015244217
  8     1    14    11   0.0051432176506235
  8     1    14    13   -0.023690852341818
  8     1    15    10   -0.0077774347276613
  8     1    15    12   0.035824789313779
  8     2     8     2   0.93828116654092
  8     2    10     0   -1.7381680914991e-05
  8     2    10     4   3.2033671633828e-05
  8     2    12     0   8.0059743531963e-05
  8     2    12     4   -0.00014755811084313
  8     2    14     8   0.012230689125549
  8     3     8     3   0.93826682945916
  8     3     9     2   1.4335008572709e-05
  8     3    10     1   -1.4470910333778e-05
  8     3    10     5   2.4850399658359e-05
  8     3    11     0   -2.9173161096076e-06
  8     3    11     4   7.1788374124302e-06
  8     3    12     1   6.665813320095e-05
  8     3    12     5   -0.00011445866580089
  8     3    13     0   1.3438706586851e-05
  8     3    13     4   -3.3071899308124e-05
  8     3    14     9   2.4584081814786e-05
  8     3    15     8   0.012206092476389
  8     4     8     0   -0.0061179840956609
  8     4     8     4   0.93295163041694
  8     4    10     2   0.00017512366933718
  8     4    12     2   -0.00080666465136487
  8     4    14    10   -0.0092619779253988
  8     4    14    12   0.042663205238491
  8     5     8     1   -0.0045222974834969
  8     5     8     5   0.93388975873398
  8     5     9     0   -0.0015956547687275
  8     5     9     4   -0.00093822071971331
  8     5    10     3   0.00020219742885481
  8     5    11     2   -2.7076598118338e-05
  8     5    12     3   -0.0009313773512287
  8     5    13     2   0.00012472988703743
  8     5    14    11   0.0019720653866538
  8     5    14    13   -0.0090838119131885
  8     5    15    10   -0.011233850536212
  8     5    15    12   0.051745998728192
  8     6     8     6    0.8968288160034
  8     6    12    10   -0.051201484445241
  8     7     8     7   0.90712658744179
  8     7     9     6   -0.010297144347339
  8     7    11    10   -0.032129481468817
  8     7    12    11   -0.096114263250876
  8     7    13    10   0.044906268397394
  8     7    13    12   0.032129481468817
  9     0     8     1   -0.0017995185556047
  9     0     8     5   -0.0015956547687275
  9     0     9     0   0.93973196551088
  9     0     9     4   -0.0045222974834969
  9     0    10     3   -5.6313502981481e-05
  9     0    11     2   2.9309652984444e-05
  9     0    12     3   0.00025939015244217
  9     0    13     2   -0.00013501547222728
  9     0    14    11   -0.0077774347276613
  9     0    14    13   0.035824789313779
  9     0    15    10   0.0051432176506235
  9     0    15    12   -0.023690852341818
  9     1     9     1   0.93793242199052
  9     1     9     5   -0.0061179840956609
  9     1    11     3   -2.7001054121419e-05
  9     1    13     3   0.00012437589351394
  9     1    15    11   -0.0026340780329422
  9     1    15    13   0.012132942438743
  9     2     8     3   1.4335008572709e-05
  9     2     9     2   0.93826682945916
  9     2    10     1   -2.9173161096078e-06
  9     2    10     5   7.1788374124301e-06
  9     2    11     0   -1.4470910333779e-05
  9     2    11     4   2.4850399658358e-05
  9     2    12     1   1.3438706586851e-05
  9     2    12     5   -3.3071899308123e-05
  9     2    13     0   6.6658133200953e-05
  9     2    13     4   -0.00011445866580089
  9     2    14     9   0.012206092476389
  9     2    15     8   2.4584081814785e-05
  9     3     9     3   0.93828116654092
  9     3    11     1   -1.738168091499e-05
  9     3    11     5   3.2033671633828e-05
  9     3    13     1   8.0059743531966e-05
  9     3    13     5   -0.00014755811084313
  9     3    15     9   0.012230689125549
  9     4     8     1   -0.0015956547687275
  9     4     8     5   -0.00093822071971331
  9     4     9     0   -0.0045222974834969
  9     4     9     4   0.93388975873398
  9     4    10     3   -2.7076598118338e-05
  9     4    11     2   0.00020219742885481
  9     4    12     3   0.00012472988703743
  9     4    13     2   -0.00093137735122871
  9     4    14    11   -0.011233850536213
  9     4    14    13   0.051745998728192
  9     4    15    10   0.0019720653866538
  9     4    15    12   -0.0090838119131886
  9     5     9     1   -0.0061179840956609
  9     5     9     5   0.93295163041694
  9     5    11     3   0.00017512366933718
  9     5    13     3   -0.00080666465136486
  9     5    15    11   -0.0092619779253988
  9     5    15    13   0.04266320523849
  9     6     8     7   -0.010297144347339
  9     6     9     6   0.90712658744179
  9     6    11    10   0.032129481468817
  9     6    12    11   0.044906268397394
  9     6    13    10   -0.096114263250875
  9     6    13    12   -0.032129481468817
  9     7     9     7    0.8968288160034
  9     7    13    11   -0.051201484445242
  9     8     1     0   0.0034237102907839
  9     8     3     2   0.010292930758861
  9     8     4     1   0.001103991445096
  9     8     5     0   -0.001103991445096
  9     8     5     4   0.0047164681943259
  9     8     7     6   0.0054447091373606
  9     8     9     8   0.92286905220701
  9     8    11    10   -0.022969106112649
  9     8    12    11   -0.032129476855063
  9     8    13    10   0.032129476855063
  9     8    13    12   -0.16399179282494
  9     8    14     3   0.00040025238222983
  9     8    15     2   -0.00040025238222984
  9     8    15    14   -0.013979629499849
 10     0     6     2   8.0059743531963e-05
 10     0     8     2   -1.7381680914991e-05
 10     0    10     0   0.057551929018467
 10     0    10     4   -0.0011242719897417
 10     0    14     6   -0.01278655814441
 10     0    14     8   0.0027759099448311
 10     1     6     3   6.6658133200949e-05
 10     1     7     2   1.3438706586849e-05
 10     1     8     3   -1.4470910333778e-05
 10     1     9     2   -2.9173161096078e-06
 10     1    10     1   0.056983870439947
 10     1    10     5   -0.0022639240565753
 10     1    11     0   0.00056798464138762
 10     1    11     4   0.0011396383496369
 10     1    14     7   -0.0065750248028008
 10     1    14     9   0.0014274087040209
 10     1    15     6   -0.006211153541497
 10     1    15     8   0.0013484145007925
 10     2     6     0   0.00012437589351394
 10     2     6     4   -0.00080666465136487
 10     2     8     0   -2.7001054121419e-05
 10     2     8     4   0.00017512366933718
 10     2    10     2   0.056122389573804
 10     2    14    10   8.8930746433827e-05
 10     3     6     1   -0.00013501547222728
 10     3     6     5   -0.00093137735122871
 10     3     7     0   0.00025939015244216
 10     3     7     4   0.00012472988703743
 10     3     8     1   2.9309652984441e-05
 10     3     8     5   0.00020219742885481
 10     3     9     0   -5.6313502981481e-05
 10     3     9     4   -2.7076598118338e-05
 10     3    10     3   0.056139221601916
 10     3    11     2   -1.6830169589099e-05
 10     3    14    11   -1.388349560591e-05
 10     3    15    10   0.00010282031690052
 10     4     6     2   -0.00014755811084313
 10     4     8     2   3.2033671633828e-05
 10     4    10     0   -0.0011242719897417
 10     4    10     4   0.055178071513123
 10     4    14     6   -0.019239412561083
 10     4    14     8   0.0041767933165826
 10     5     6     3   -0.00011445866580089
 10     5     7     2   -3.3071899308125e-05
 10     5     8     3   2.4850399658359e-05
 10     5     9     2   7.1788374124301e-06
 10     5    10     1   -0.0022639240565753
 10     5    10     5   0.054416353455725
 10     5    11     0   0.0011396383496368
 10     5    11     4   0.00076182984742992
 10     5    14     7   -0.0031681114140539
 10     5    14     9   0.00068778338555878
 10     5    15     6   -0.016071512045682
 10     5    15     8   0.0034890560478246
 10     6     2     0   5.127693190156e-05
 10     6     4     2   -2.610596442972e-05
 10     6    10     6   0.0094119430177798
 10     6    10     8   0.0084350859183109
 10     6    12     6   -0.0084350852778233
 10     6    12     8   0.00023293610549363
 10     6    14     0   -0.00064134880449832
 10     6    14     4   -0.00011994447003777
 10     7     2     1   0.0011172208698737
 10     7     3     0   -0.0010659308515838
 10     7     4     3   -0.0011920006845971
 10     7     5     2   0.0011658903444638
 10     7    10     7   0.023377426146712
 10     7    10     9   0.0043319265563911
 10     7    11     6   -0.013964867607046
 10     7    11     8   0.0041027441761179
 10     7    12     7   -0.0043319254297763
 10     7    12     9   -0.0019935202575158
 10     7    13     6   -0.0041027446621728
 10     7    13     8   0.0022261645865708
 10     7    14     1   -0.00062473529821719
 10     7    14     5   -0.0014283915333346
 10     7    15     0   -1.6649770737098e-05
 10     7    15     4   0.0013084929661065
 10     8     2     0   -1.1136619905744e-05
 10     8     4     2   5.6592837627914e-06
 10     8    10     6   0.0084350859183109
 10     8    10     8   0.046435077910218
 10     8    12     6   -0.03725577569915
 10     8    12     8   0.0084350852778232
 10     8    14     0   0.00013923530391145
 10     8    14     4   2.6039662982079e-05
 10     9     2     1   -0.0002425383465615
 10     9     3     0   0.00023140641640856
 10     9     4     3   0.00025877804076484
 10     9     5     2   -0.00025311207681748
 10     9    10     7   0.0043319265563911
 10     9    10     9   0.042391219086935
 10     9    11     6   0.0041027441761179
 10     9    11     8   0.0040426447515734
 10     9    12     7   -0.017019758318379
 10     9    12     9   0.0043319254297762
 10     9    13     6   -0.020233895980004
 10     9    13     8   0.0041027446621728
 10     9    14     1   0.00013562795883046
 10     9    14     5   0.00031009796334689
 10     9    15     0   3.6122347229538e-06
 10     9    15     4   -0.00028406608101566
 11     0     6     3   1.3438706586849e-05
 11     0     7     2   6.6658133200951e-05
 11     0     8     3   -2.9173161096076e-06
 11     0     9     2   -1.4470910333779e-05
 11     0    10     1   0.00056798464138762
 11     0    10     5   0.0011396383496368
 11     0    11     0   0.056983870439947
 11     0    11     4   -0.0022639240565753
 11     0    14     7   -0.006211153541497
 11     0    14     9   0.0013484145007925
 11     0    15     6   -0.0065750248028008
 11     0    15     8   0.0014274087040209
 11     1     7     3   8.0059743531965e-05
 11     1     9     3   -1.738168091499e-05
 11     1    11     1   0.057551929018467
 11     1    11     5   -0.0011242719897417
 11     1    15     7   -0.01278655814441
 11     1    15     9   0.0027759099448311
 11     2     6     1   0.00025939015244217
 11     2     6     5   0.00012472988703743
 11     2     7     0   -0.00013501547222728
 11     2     7     4   -0.00093137735122872
 11     2     8     1   -5.6313502981482e-05
 11     2     8     5   -2.7076598118338e-05
 11     2     9     0   2.9309652984444e-05
 11     2     9     4   0.00020219742885481
 11     2    10     3   -1.6830169589099e-05
 11     2    11     2   0.056139221601916
 11     2    14    11   0.00010282031690052
 11     2    15    10   -1.3883495605907e-05
 11     3     7     1   0.00012437589351394
 11     3     7     5   -0.00080666465136487
 11     3     9     1   -2.7001054121419e-05
 11     3     9     5   0.00017512366933718
 11     3    11     3   0.056122389573804
 11     3    15    11   8.8930746433829e-05
 11     4     6     3   -3.3071899308127e-05
 11     4     7     2   -0.00011445866580089
 11     4     8     3   7.1788374124302e-06
 11     4     9     2   2.4850399658358e-05
 11     4    10     1   0.0011396383496369
 11     4    10     5   0.00076182984742992
 11     4    11     0   -0.0022639240565753
 11     4    11     4   0.054416353455725
 11     4    14     7   -0.016071512045682
 11     4    14     9   0.0034890560478247
 11     4    15     6   -0.0031681114140539
 11     4    15     8   0.00068778338555878
 11     5     7     3   -0.00014755811084313
 11     5     9     3   3.2033671633828e-05
 11     5    11     1   -0.0011242719897417
 11     5    11     5   0.055178071513124
 11     5    15     7   -0.019239412561083
 11     5    15     9   0.0041767933165826
 11     6     2     1   -0.0010659308515837
 11     6     3     0   0.0011172208698737
 11     6     4     3   0.0011658903444638
 11     6     5     2   -0.0011920006845971
 11     6    10     7   -0.013964867607046
 11     6    10     9   0.0041027441761179
 11     6    11     6   0.023377426146712
 11     6    11     8   0.0043319265563911
 11     6    12     7   -0.0041027446621728
 11     6    12     9   0.0022261645865708
 11     6    13     6   -0.0043319254297761
 11     6    13     8   -0.0019935202575159
 11     6    14     1   -1.6649770737098e-05
 11     6    14     5   0.0013084929661065
 11     6    15     0   -0.00062473529821719
 11     6    15     4   -0.0014283915333346
 11     7     3     1   5.1276931901559e-05
 11     7     5     3   -2.6105964429719e-05
 11     7    11     7   0.0094119430177798
 11     7    11     9   0.0084350859183109
 11     7    13     7   -0.0084350852778232
 11     7    13     9   0.00023293610549363
 11     7    15     1   -0.00064134880449832
 11     7    15     5   -0.00011994447003776
 11     8     2     1   0.00023140641640856
 11     8     3     0   -0.00024253834656151
 11     8     4     3   -0.00025311207681749
 11     8     5     2   0.00025877804076485
 11     8    10     7   0.0041027441761179
 11     8    10     9   0.0040426447515734
 11     8    11     6   0.0043319265563911
 11     8    11     8   0.042391219086935
 11     8    12     7   -0.020233895980004
 11     8    12     9   0.0041027446621728
 11     8    13     6   -0.017019758318379
 11     8    13     8   0.0043319254297762
 11     8    14     1   3.6122347229534e-06
 11     8    14     5   -0.00028406608101566
 11     8    15     0   0.00013562795883046
 11     8    15     4   0.0003100979633469
 11     9     3     1   -1.1136619905744e-05
 11     9     5     3   5.6592837627909e-06
 11     9    11     7   0.0084350859183109
 11     9    11     9   0.046435077910218
 11     9    13     7   -0.03725577569915
 11     9    13     9   0.0084350852778233
 11     9    15     1   0.00013923530391145
 11     9    15     5   2.6039662982078e-05
 11    10     1     0   -0.014935199993869
 11    10     3     2   -0.050274600066674
 11    10     4     1   -0.0075448760829436
 11    10     5     0   0.0075448760829437
 11    10     5     4   -0.020674331822443
 11    10     7     6   -0.16399179282494
 11    10     8     7   -0.032129481468817
 11    10     9     6   0.032129481468817
 11    10     9     8   -0.022969106112649
 11    10    11    10   0.037647943702458
 11    10    13    12   0.0087038811011282
 11    10    14     3   -0.0011304839927365
 11    10    15     2   0.0011304839927365
 11    10    15    14   0.0047712039544368
 12     0     6     2   1.7381680914991e-05
 12     0     8     2   8.0059743531963e-05
 12     0    12     0   0.057551929018467
 12     0    12     4   -0.0011242719897417
 12     0    14     6   -0.0027759099448311
 12     0    14     8   -0.01278655814441
 12     1     6     3   1.4470910333778e-05
 12     1     7     2   2.9173161096081e-06
 12     1     8     3   6.665813320095e-05
 12     1     9     2   1.3438706586851e-05
 12     1    12     1   0.056983870439947
 12     1    12     5   -0.0022639240565753
 12     1    13     0   0.00056798464138762
 12     1    13     4   0.0011396383496369
 12     1    14     7   -0.0014274087040209
 12     1    14     9   -0.0065750248028009
 12     1    15     6   -0.0013484145007925
 12     1    15     8   -0.006211153541497
 12     2     6     0   2.7001054121418e-05
 12     2     6     4   -0.00017512366933718
 12     2     8     0   0.00012437589351394
 12     2     8     4   -0.00080666465136487
 12     2    12     2   0.056122389573804
 12     2    14    12   8.8930746433826e-05
 12     3     6     1   -2.9309652984444e-05
 12     3     6     5   -0.00020219742885481
 12     3     7     0   5.6313502981481e-05
 12     3     7     4   2.7076598118338e-05
 12     3     8     1   -0.00013501547222728
 12     3     8     5   -0.0009313773512287
 12     3     9     0   0.00025939015244217
 12     3     9     4   0.00012472988703743
 12     3    12     3   0.056139221601916
 12     3    13     2   -1.6830169589099e-05
 12     3    14    13   -1.3883495605904e-05
 12     3    15    12   0.00010282031690053
 12     4     6     2   -3.2033671633828e-05
 12     4     8     2   -0.00014755811084313
 12     4    12     0   -0.0011242719897417
 12     4    12     4   0.055178071513124
 12     4    14     6   -0.0041767933165826
 12     4    14     8   -0.019239412561083
 12     5     6     3   -2.485039965836e-05
 12     5     7     2   -7.1788374124295e-06
 12     5     8     3   -0.00011445866580089
 12     5     9     2   -3.3071899308123e-05
 12     5    12     1   -0.0022639240565753
 12     5    12     5   0.054416353455725
 12     5    13     0   0.0011396383496368
 12     5    13     4   0.00076182984742994
 12     5    14     7   -0.00068778338555878
 12     5    14     9   -0.0031681114140539
 12     5    15     6   -0.0034890560478246
 12     5    15     8   -0.016071512045682
 12     6     2     0   1.1136619905745e-05
 12     6     4     2   -5.6592837627907e-06
 12     6    10     6   -0.0084350852778233
 12     6    10     8   -0.03725577569915
 12     6    12     6   0.046435077910219
 12     6    12     8   -0.0084350859183109
 12     6    14     0   -0.00013923530391145
 12     6    14     4   -2.6039662982079e-05
 12     7     2     1   0.0002425383465615
 12     7     3     0   -0.00023140641640856
 12     7     4     3   -0.00025877804076484
 12     7     5     2   0.00025311207681748
 12     7    10     7   -0.0043319254297763
 12     7    10     9   -0.017019758318379
 12     7    11     6   -0.0041027446621728
 12     7    11     8   -0.020233895980004
 12     7    12     7   0.042391219086935
 12     7    12     9   -0.0043319265563912
 12     7    13     6   0.0040426447515734
 12     7    13     8   -0.0041027441761179
 12     7    14     1   -0.00013562795883046
 12     7    14     5   -0.00031009796334689
 12     7    15     0   -3.6122347229534e-06
 12     7    15     4   0.00028406608101566
 12     8     2     0   5.127693190156e-05
 12     8     4     2   -2.6105964429717e-05
 12     8    10     6   0.00023293610549363
 12     8    10     8   0.0084350852778232
 12     8    12     6   -0.0084350859183109
 12     8    12     8   0.0094119430177799
 12     8    14     0   -0.00064134880449832
 12     8    14     4   -0.00011994447003777
 12     9     2     1   0.0011172208698737
 12     9     3     0   -0.0010659308515838
 12     9     4     3   -0.0011920006845971
 12     9     5     2   0.0011658903444638
 12     9    10     7   -0.0019935202575158
 12     9    10     9   0.0043319254297762
 12     9    11     6   0.0022261645865708
 12     9    11     8   0.0041027446621728
 12     9    12     7   -0.0043319265563912
 12     9    12     9   0.023377426146712
 12     9    13     6   -0.0041027441761179
 12     9    13     8   -0.013964867607046
 12     9    14     1   -0.00062473529821721
 12     9    14     5   -0.0014283915333346
 12     9    15     0   -1.6649770737094e-05
 12     9    15     4   0.0013084929661064
 12    10     8     6   -0.051201484445241
 12    10    12    10   0.0083485340706403
 12    11     7     6   0.032129476855063
 12    11     8     7   -0.096114263250876
 12    11     9     6   0.044906268397394
 12    11     9     8   -0.032129476855063
 12    11    12    11   0.018646305380178
 12    11    13    10   -0.010297143494442
 13     0     6     3   2.9173161096077e-06
 13     0     7     2   1.4470910333779e-05
 13     0     8     3   1.3438706586851e-05
 13     0     9     2   6.6658133200953e-05
 13     0    12     1   0.00056798464138762
 13     0    12     5   0.0011396383496368
 13     0    13     0   0.056983870439947
 13     0    13     4   -0.0022639240565753
 13     0    14     7   -0.0013484145007925
 13     0    14     9   -0.006211153541497
 13     0    15     6   -0.0014274087040209
 13     0    15     8   -0.0065750248028008
 13     1     7     3   1.7381680914991e-05
 13     1     9     3   8.0059743531966e-05
 13     1    13     1   0.057551929018467
 13     1    13     5   -0.0011242719897417
 13     1    15     7   -0.0027759099448311
 13     1    15     9   -0.01278655814441
 13     2     6     1   5.6313502981482e-05
 13     2     6     5   2.7076598118338e-05
 13     2     7     0   -2.9309652984444e-05
 13     2     7     4   -0.00020219742885481
 13     2     8     1   0.00025939015244217
 13     2     8     5   0.00012472988703743
 13     2     9     0   -0.00013501547222728
 13     2     9     4   -0.00093137735122871
 13     2    12     3   -1.6830169589099e-05
 13     2    13     2   0.056139221601916
 13     2    14    13   0.00010282031690054
 13     2    15    12   -1.3883495605904e-05
 13     3     7     1   2.7001054121419e-05
 13     3     7     5   -0.00017512366933717
 13     3     9     1   0.00012437589351394
 13     3     9     5   -0.00080666465136486
 13     3    13     3   0.056122389573804
 13     3    15    13   8.8930746433828e-05
 13     4     6     3   -7.1788374124302e-06
 13     4     7     2   -2.4850399658359e-05
 13     4     8     3   -3.3071899308124e-05
 13     4     9     2   -0.00011445866580089
 13     4    12     1   0.0011396383496369
 13     4    12     5   0.00076182984742994
 13     4    13     0   -0.0022639240565753
 13     4    13     4   0.054416353455725
 13     4    14     7   -0.0034890560478247
 13     4    14     9   -0.016071512045682
 13     4    15     6   -0.00068778338555878
 13     4    15     8   -0.0031681114140539
 13     5     7     3   -3.2033671633828e-05
 13     5     9     3   -0.00014755811084313
 13     5    13     1   -0.0011242719897417
 13     5    13     5   0.055178071513124
 13     5    15     7   -0.0041767933165826
 13     5    15     9   -0.019239412561083
 13     6     2     1   -0.00023140641640856
 13     6     3     0   0.00024253834656151
 13     6     4     3   0.00025311207681748
 13     6     5     2   -0.00025877804076485
 13     6    10     7   -0.0041027446621728
 13     6    10     9   -0.020233895980004
 13     6    11     6   -0.0043319254297761
 13     6    11     8   -0.017019758318379
 13     6    12     7   0.0040426447515734
 13     6    12     9   -0.0041027441761179
 13     6    13     6   0.042391219086935
 13     6    13     8   -0.0043319265563911
 13     6    14     1   -3.6122347229536e-06
 13     6    14     5   0.00028406608101566
 13     6    15     0   -0.00013562795883046
 13     6    15     4   -0.00031009796334689
 13     7     3     1   1.1136619905743e-05
 13     7     5     3   -5.6592837627909e-06
 13     7    11     7   -0.0084350852778232
 13     7    11     9   -0.03725577569915
 13     7    13     7   0.046435077910219
 13     7    13     9   -0.008435085918311
 13     7    15     1   -0.00013923530391145
 13     7    15     5   -2.6039662982078e-05
 13     8     2     1   -0.0010659308515838
 13     8     3     0   0.0011172208698737
 13     8     4     3   0.0011658903444638
 13     8     5     2   -0.0011920006845971
 13     8    10     7   0.0022261645865708
 13     8    10     9   0.0041027446621728
 13     8    11     6   -0.0019935202575159
 13     8    11     8   0.0043319254297762
 13     8    12     7   -0.0041027441761179
 13     8    12     9   -0.013964867607046
 13     8    13     6   -0.0043319265563911
 13     8    13     8   0.023377426146712
 13     8    14     1   -1.6649770737099e-05
 13     8    14     5   0.0013084929661064
 13     8    15     0   -0.00062473529821721
 13     8    15     4   -0.0014283915333346
 13     9     3     1   5.1276931901561e-05
 13     9     5     3   -2.6105964429716e-05
 13     9    11     7   0.00023293610549363
 13     9    11     9   0.0084350852778233
 13     9    13     7   -0.008435085918311
 13     9    13     9   0.0094119430177798
 13     9    15     1   -0.00064134880449832
 13     9    15     5   -0.00011994447003777
 13    10     7     6   -0.032129476855063
 13    10     8     7   0.044906268397394
 13    10     9     6   -0.096114263250875
 13    10     9     8   0.032129476855063
 13    10    12    11   -0.010297143494442
 13    10    13    10   0.018646305380178
 13    11     9     7   -0.051201484445242
 13    11    13    11   0.0083485340706405
 13    12     1     0   -0.014935199993869
 13    12     3     2   -0.050274600066674
 13    12     4     1   -0.0075448760829436
 13    12     5     0   0.0075448760829436
 13    12     5     4   -0.020674331822443
 13    12     7     6   -0.022969106112649
 13    12     8     7   0.032129481468817
 13    12     9     6   -0.032129481468817
 13    12     9     8   -0.16399179282494
 13    12    11    10   0.0087038811011282
 13    12    13    12   0.037647943702459
 13    12    14     3   -0.0011304839927365
 13    12    15     2   0.0011304839927365
 13    12    15    14   0.0047712039544368
 14     0     2     0   -0.012249340379293
 14     0     4     2   0.00012977102409669
 14     0    10     6   -0.00064134880449832
 14     0    10     8   0.00013923530391145
 14     0    12     6   -0.00013923530391145
 14     0    12     8   -0.00064134880449832
 14     0    14     0   0.015676074813191
 14     0    14     4   -0.0076747580238853
 14     1     2     1   -0.012093280621202
 14     1     3     0   -0.00015606894962993
 14     1     4     3   -0.00010254085996095
 14     1     5     2   0.00023232339666231
 14     1    10     7   -0.00062473529821719
 14     1    10     9   0.00013562795883046
 14     1    11     6   -1.6649770737098e-05
 14     1    11     8   3.6122347229534e-06
 14     1    12     7   -0.00013562795883046
 14     1    12     9   -0.00062473529821721
 14     1    13     6   -3.6122347229536e-06
 14     1    13     8   -1.6649770737099e-05
 14     1    14     1   0.017323270616771
 14     1    14     5   -0.0033988369563166
 14     1    15     0   -0.0016470981981139
 14     1    15     4   -0.0042759581634601
 14     2     4     0   0.00046613649142156
 14     2    14     2   0.020295143624681
 14     3     1     0   0.00032641210567463
 14     3     3     2   0.01250639164578
 14     3     4     1   -2.6787307070915e-05
 14     3     5     0   0.00049292147338216
 14     3     5     4   0.001145915112015
 14     3     7     6   0.00040025238222983
 14     3     9     8   0.00040025238222983
 14     3    11    10   -0.0011304839927365
 14     3    13    12   -0.0011304839927365
 14     3    14     3   0.02050205539838
 14     3    15     2   -0.00020691350272977
 14     3    15    14   -0.00048340430268494
 14     4     2     0   4.0848814706462e-05
 14     4     4     2   0.012067528009451
 14     4    10     6   -0.00011994447003777
 14     4    10     8   2.6039662982079e-05
 14     4    12     6   -2.6039662982079e-05
 14     4    12     8   -0.00011994447003777
 14     4    14     0   -0.0076747580238853
 14     4    14     4   0.0075252358247571
 14     5     2     1   0.00012781284454182
 14     5     3     0   -8.6968026462198e-05
 14     5     4     3   -0.00039350980512651
 14     5     5     2   0.01246104161501
 14     5    10     7   -0.0014283915333346
 14     5    10     9   0.00031009796334689
 14     5    11     6   0.0013084929661065
 14     5    11     8   -0.00028406608101566
 14     5    12     7   -0.00031009796334689
 14     5    12     9   -0.0014283915333346
 14     5    13     6   0.00028406608101566
 14     5    13     8   0.0013084929661064
 14     5    14     1   -0.0033988369563166
 14     5    14     5   0.016352443769522
 14     5    15     0   -0.0042759581634601
 14     5    15     4   -0.0088272479904481
 14     6     6     2   0.012230689125549
 14     6    10     0   -0.01278655814441
 14     6    10     4   -0.019239412561083
 14     6    12     0   -0.0027759099448311
 14     6    12     4   -0.0041767933165826
 14     6    14     6   0.016124266781611
 14     7     6     3   2.4584081814789e-05
 14     7     7     2   0.012206092476389
 14     7    10     1   -0.0065750248028008
 14     7    10     5   -0.0031681114140539
 14     7    11     0   -0.006211153541497
 14     7    11     4   -0.016071512045682
 14     7    12     1   -0.0014274087040209
 14     7    12     5   -0.00068778338555878
 14     7    13     0   -0.0013484145007925
 14     7    13     4   -0.0034890560478247
 14     7    14     7   0.014803814740261
 14     7    15     6   0.0013204930580482
 14     8     8     2   0.012230689125549
 14     8    10     0   0.0027759099448311
 14     8    10     4   0.0041767933165826
 14     8    12     0   -0.01278655814441
 14     8    12     4   -0.019239412561083
 14     8    14     8   0.016124266781611
 14     9     8     3   2.4584081814786e-05
 14     9     9     2   0.012206092476389
 14     9    10     1   0.0014274087040209
 14     9    10     5   0.00068778338555878
 14     9    11     0   0.0013484145007925
 14     9    11     4   0.0034890560478247
 14     9    12     1   -0.0065750248028009
 14     9    12     5   -0.0031681114140539
 14     9    13     0   -0.006211153541497
 14     9    13     4   -0.016071512045682
 14     9    14     9   0.014803814740261
 14     9    15     8   0.0013204930580482
 14    10     6     0   0.012132942438743
 14    10     6     4   0.042663205238491
 14    10     8     0   -0.0026340780329422
 14    10     8     4   -0.0092619779253988
 14    10    10     2   8.8930746433827e-05
 14    10    14    10   0.0040329410929635
 14    11     6     1   -0.023690852341818
 14    11     6     5   -0.0090838119131884
 14    11     7     0   0.035824789313779
 14    11     7     4   0.051745998728193
 14    11     8     1   0.0051432176506235
 14    11     8     5   0.0019720653866538
 14    11     9     0   -0.0077774347276613
 14    11     9     4   -0.011233850536213
 14    11    10     3   -1.388349560591e-05
 14    11    11     2   0.00010282031690052
 14    11    14    11   0.0067487679323739
 14    11    15    10   -0.0027158957691808
 14    12     6     0   0.0026340780329422
 14    12     6     4   0.0092619779253988
 14    12     8     0   0.012132942438743
 14    12     8     4   0.042663205238491
 14    12    12     2   8.8930746433826e-05
 14    12    14    12   0.0040329410929635
 14    13     6     1   -0.0051432176506235
 14    13     6     5   -0.0019720653866538
 14    13     7     0   0.0077774347276613
 14    13     7     4   0.011233850536213
 14    13     8     1   -0.023690852341818
 14    13     8     5   -0.0090838119131885
 14    13     9     0   0.035824789313779
 14    13     9     4   0.051745998728192
 14    13    12     3   -1.3883495605904e-05
 14    13    13     2   0.00010282031690054
 14    13    14    13   0.0067487679323739
 14    13    15    12   -0.0027158957691808
 15     0     2     1   -0.00015606894962993
 15     0     3     0   -0.012093280621202
 15     0     4     3   0.00023232339666231
 15     0     5     2   -0.00010254085996095
 15     0    10     7   -1.6649770737098e-05
 15     0    10     9   3.6122347229538e-06
 15     0    11     6   -0.00062473529821719
 15     0    11     8   0.00013562795883046
 15     0    12     7   -3.6122347229534e-06
 15     0    12     9   -1.6649770737094e-05
 15     0    13     6   -0.00013562795883046
 15     0    13     8   -0.00062473529821721
 15     0    14     1   -0.0016470981981139
 15     0    14     5   -0.0042759581634601
 15     0    15     0   0.017323270616771
 15     0    15     4   -0.0033988369563166
 15     1     3     1   -0.012249340379292
 15     1     5     3   0.00012977102409669
 15     1    11     7   -0.00064134880449832
 15     1    11     9   0.00013923530391145
 15     1    13     7   -0.00013923530391145
 15     1    13     9   -0.00064134880449832
 15     1    15     1   0.015676074813191
 15     1    15     5   -0.0076747580238853
 15     2     1     0   -0.00032641210567463
 15     2     3     2   -0.01250639164578
 15     2     4     1   0.00049292147338217
 15     2     5     0   -2.6787307070921e-05
 15     2     5     4   -0.001145915112015
 15     2     7     6   -0.00040025238222984
 15     2     9     8   -0.00040025238222984
 15     2    11    10   0.0011304839927365
 15     2    13    12   0.0011304839927365
 15     2    14     3   -0.00020691350272977
 15     2    15     2   0.02050205539838
 15     2    15    14   0.00048340430268493
 15     3     5     1   0.00046613649142156
 15     3    15     3   0.020295143624681
 15     4     2     1   -8.6968026462199e-05
 15     4     3     0   0.00012781284454183
 15     4     4     3   0.01246104161501
 15     4     5     2   -0.00039350980512651
 15     4    10     7   0.0013084929661065
 15     4    10     9   -0.00028406608101566
 15     4    11     6   -0.0014283915333346
 15     4    11     8   0.0003100979633469
 15     4    12     7   0.00028406608101566
 15     4    12     9   0.0013084929661064
 15     4    13     6   -0.00031009796334689
 15     4    13     8   -0.0014283915333346
 15     4    14     1   -0.0042759581634601
 15     4    14     5   -0.0088272479904481
 15     4    15     0   -0.0033988369563166
 15     4    15     4   0.016352443769522
 15     5     3     1   4.0848814706462e-05
 15     5     5     3   0.012067528009451
 15     5    11     7   -0.00011994447003776
 15     5    11     9   2.6039662982078e-05
 15     5    13     7   -2.6039662982078e-05
 15     5    13     9   -0.00011994447003777
 15     5    15     1   -0.0076747580238853
 15     5    15     5   0.0075252358247571
 15     6     6     3   0.012206092476389
 15     6     7     2   2.4584081814786e-05
 15     6    10     1   -0.006211153541497
 15     6    10     5   -0.016071512045682
 15     6    11     0   -0.0065750248028008
 15     6    11     4   -0.0031681114140539
 15     6    12     1   -0.0013484145007925
 15     6    12     5   -0.0034890560478246
 15     6    13     0   -0.0014274087040209
 15     6    13     4   -0.00068778338555878
 15     6    14     7   0.0013204930580482
 15     6    15     6   0.01480381474026
 15     7     7     3   0.012230689125549
 15     7    11     1   -0.01278655814441
 15     7    11     5   -0.019239412561083
 15     7    13     1   -0.0027759099448311
 15     7    13     5   -0.0041767933165826
 15     7    15     7   0.016124266781611
 15     8     8     3   0.012206092476389
 15     8     9     2   2.4584081814785e-05
 15     8    10     1   0.0013484145007925
 15     8    10     5   0.0034890560478246
 15     8    11     0   0.0014274087040209
 15     8    11     4   0.00068778338555878
 15     8    12     1   -0.006211153541497
 15     8    12     5   -0.016071512045682
 15     8    13     0   -0.0065750248028008
 15     8    13     4   -0.0031681114140539
 15     8    14     9   0.0013204930580482
 15     8    15     8   0.014803814740261
 15     9     9     3   0.012230689125549
 15     9    11     1   0.0027759099448311
 15     9    11     5   0.0041767933165826
 15     9    13     1   -0.01278655814441
 15     9    13     5   -0.019239412561083
 15     9    15     9   0.016124266781611
 15    10     6     1   0.035824789313779
 15    10     6     5   0.051745998728193
 15    10     7     0   -0.023690852341818
 15    10     7     4   -0.0090838119131884
 15    10     8     1   -0.0077774347276613
 15    10     8     5   -0.011233850536212
 15    10     9     0   0.0051432176506235
 15    10     9     4   0.0019720653866538
 15    10    10     3   0.00010282031690052
 15    10    11     2   -1.3883495605907e-05
 15    10    14    11   -0.0027158957691808
 15    10    15    10   0.0067487679323739
 15    11     7     1   0.012132942438743
 15    11     7     5   0.042663205238491
 15    11     9     1   -0.0026340780329422
 15    11     9     5   -0.0092619779253988
 15    11    11     3   8.8930746433829e-05
 15    11    15    11   0.0040329410929635
 15    12     6     1   0.0077774347276613
 15    12     6     5   0.011233850536213
 15    12     7     0   -0.0051432176506235
 15    12     7     4   -0.0019720653866538
 15    12     8     1   0.035824789313779
 15    12     8     5   0.051745998728192
 15    12     9     0   -0.023690852341818
 15    12     9     4   -0.0090838119131886
 15    12    12     3   0.00010282031690053
 15    12    13     2   -1.3883495605904e-05
 15    12    14    13   -0.0027158957691808
 15    12    15    12   0.0067487679323739
 15    13     7     1   0.0026340780329422
 15    13     7     5   0.0092619779253988
 15    13     9     1   0.012132942438743
 15    13     9     5   0.04266320523849
 15    13    13     3   8.8930746433828e-05
 15    13    15    13   0.0040329410929634
 15    14     1     0   -0.035558960681641
 15    14     3     2   -0.017638081323808
 15    14     4     1   0.030162076054378
 15    14     5     0   -0.030162076054378
 15    14     5     4   -0.054437256523206
 15    14     7     6   -0.013979629499849
 15    14     9     8   -0.013979629499849
 15    14    11    10   0.0047712039544368
 15    14    13    12   0.0047712039544368
 15    14    14     3   -0.00048340430268494
 15    14    15     2   0.00048340430268493
 15    14    15    14   0.0074806523847806
