# 1. proc label     2. energy            3. bias correction   4. time
              0    -1.061145531930e+00   6.634316339716e-04   8.4101e+04
              1    -1.060225391404e+00   5.795157002788e-04   8.4990e+04
              2    -1.061534571602e+00   5.074600327722e-04   8.6671e+04
              3    -1.060098973869e+00   6.633096887501e-04   8.9480e+04
              4    -1.063714511563e+00   6.002071769211e-04   7.9400e+04
              5    -1.065779408137e+00   5.924785084263e-04   8.4126e+04
              6    -1.065048069993e+00   6.044991225738e-04   8.3146e+04
              7    -1.065897087717e+00   5.642783125433e-04   8.4817e+04
              8    -1.085355984486e+00   6.988013556476e-04   8.3189e+04
              9    -1.055698440790e+00   6.964215894953e-04   8.4401e+04
             10    -1.051503015538e+00   5.637135426548e-04   8.6287e+04
             11    -1.072126590054e+00   5.742061574432e-04   8.6954e+04
             12    -1.078951447484e+00   5.108841167257e-04   7.9505e+04
             13    -1.101368316723e+00   5.324588661826e-04   8.0350e+04
             14    -1.089203045465e+00   6.728076084505e-04   9.0409e+04
             15    -1.086156042966e+00   5.970295267757e-04   8.8212e+04
             16    -1.055688826061e+00   5.941386290829e-04   8.2241e+04
             17    -1.057646993412e+00   5.345488049459e-04   8.6498e+04
             18    -1.055506081140e+00   7.279174819891e-04   8.1302e+04
             19    -1.099005214865e+00   6.296747102731e-04   7.9590e+04
             20    -1.069456100740e+00   8.132589668869e-04   8.0979e+04
             21    -1.074910361304e+00   6.152216269699e-04   8.9756e+04
             22    -1.079036171020e+00   7.545689399149e-04   7.8722e+04
             23    -1.056515542934e+00   4.944490997081e-04   8.3398e+04
             24    -1.049489392507e+00   6.822621302665e-04   8.8999e+04
             25    -1.030126055630e+00   5.211855668348e-04   8.1091e+04
             26    -1.028177337715e+00   5.752912537033e-04   8.0453e+04
             27    -1.069005862661e+00   6.755516004176e-04   8.7364e+04
             28    -1.062045576411e+00   6.479792391957e-04   8.4567e+04
             29    -1.078545852923e+00   7.076865997667e-04   8.0202e+04
             30    -1.072036976075e+00   5.111102390169e-04   7.7385e+04
             31    -1.035961670832e+00   5.308669993972e-04   7.5952e+04
             32    -1.067824047207e+00   6.281295834252e-04   8.6952e+04
             33    -1.049159460995e+00   5.315389384213e-04   7.9289e+04
             34    -1.073429838622e+00   6.116195766028e-04   7.7033e+04
             35    -1.047348192392e+00   7.114238999212e-04   7.8448e+04
             36    -1.051225204637e+00   5.933444688795e-04   7.2362e+04
             37    -1.060975278313e+00   7.448714524990e-04   8.7788e+04
             38    -1.032716564743e+00   4.790647275774e-04   7.9261e+04
             39    -1.075936267552e+00   5.027349683693e-04   7.8142e+04
             40    -1.088081356746e+00   6.163550861826e-04   8.0655e+04
             41    -1.071592753193e+00   6.571358164288e-04   7.8413e+04
             42    -1.033365932735e+00   6.842852507274e-04   8.6459e+04
             43    -1.095468321624e+00   7.807688148614e-04   8.3729e+04
             44    -1.062763063847e+00   5.137620064594e-04   7.7261e+04
             45    -1.071061751934e+00   5.877863230614e-04   7.5854e+04
             46    -1.074562003096e+00   6.489475550539e-04   8.8710e+04
             47    -1.057005806984e+00   4.602554741342e-04   8.1378e+04
             48    -1.079544554113e+00   6.568682241847e-04   8.3058e+04
             49    -1.038448315611e+00   5.271788082469e-04   7.8041e+04
             50    -1.060553421224e+00   6.225061151264e-04   8.4694e+04
             51    -1.018521414998e+00   5.131327328710e-04   7.8287e+04
             52    -1.041621452836e+00   5.463967786043e-04   7.6446e+04
             53    -1.042502476842e+00   4.298717287696e-04   7.7371e+04
             54    -1.074266719572e+00   5.317211692861e-04   8.3395e+04
             55    -1.078727994720e+00   5.141189240082e-04   7.5366e+04
             56    -1.038373009679e+00   5.536692371243e-04   7.8973e+04
             57    -1.043796331780e+00   5.829708080814e-04   7.9899e+04
             58    -1.069665667074e+00   5.599266284588e-04   8.1688e+04
             59    -1.088202222655e+00   5.629818508454e-04   8.8745e+04
             60    -1.045537828181e+00   5.542277089210e-04   7.6702e+04
             61    -1.045783387355e+00   5.415659531337e-04   7.8758e+04
             62    -1.051396766588e+00   5.927489893224e-04   7.6743e+04
             63    -1.045517000503e+00   9.212866785726e-04   8.2773e+04
             64    -1.085842760850e+00   6.459137527270e-04   9.1730e+04
             65    -1.072883996866e+00   7.380110829325e-04   8.3387e+04
             66    -1.099682610419e+00   7.507149781785e-04   8.8542e+04
             67    -1.051703194149e+00   6.453696406114e-04   8.4635e+04
             68    -1.062693926794e+00   7.491342236413e-04   8.7965e+04
             69    -1.068133076646e+00   7.351331004386e-04   8.7233e+04
             70    -1.081480626431e+00   6.184174360527e-04   8.3252e+04
             71    -1.072772745060e+00   4.981450466543e-04   8.4141e+04
             72    -1.064200890760e+00   5.387898334679e-04   8.0844e+04
             73    -1.070387990452e+00   5.662903493618e-04   8.3961e+04
             74    -1.043819464136e+00   6.664362725750e-04   8.3394e+04
             75    -1.079169874663e+00   6.035912360513e-04   8.4544e+04
             76    -1.053330825762e+00   5.875049154758e-04   8.9458e+04
             77    -1.060968446646e+00   6.101858252349e-04   8.9392e+04
             78    -1.089549082918e+00   7.354486373679e-04   8.2655e+04
             79    -1.053436870321e+00   6.303898388660e-04   8.8278e+04
             80    -1.050913535436e+00   6.102549268400e-04   8.3413e+04
             81    -1.054097657221e+00   5.194634793184e-04   8.5752e+04
             82    -1.036848612686e+00   5.131654970733e-04   8.2884e+04
             83    -1.092472818401e+00   7.925394694539e-04   8.8603e+04
             84    -1.093210518363e+00   6.994357970686e-04   8.8286e+04
             85    -1.073012994351e+00   6.181103254333e-04   9.1170e+04
             86    -1.094613629097e+00   7.108677753452e-04   8.8539e+04
             87    -1.063116963690e+00   6.246140534159e-04   8.9697e+04
             88    -1.058408645415e+00   7.816297586253e-04   8.2964e+04
             89    -1.049351262557e+00   6.414536653794e-04   8.1169e+04
             90    -1.050067839346e+00   6.435991507731e-04   7.9101e+04
             91    -1.084505038454e+00   8.763009715211e-04   9.0308e+04
             92    -1.061004146770e+00   6.245052342026e-04   8.3233e+04
             93    -1.065076160103e+00   8.574814865783e-04   8.3232e+04
             94    -1.057378978262e+00   5.471845801375e-04   8.4070e+04
             95    -1.080883189430e+00   6.078040008912e-04   7.8564e+04
             96    -1.093428023336e+00   7.291382007843e-04   8.3828e+04
             97    -1.068822640156e+00   7.045352949049e-04   8.4323e+04
             98    -1.091053100889e+00   6.919293269023e-04   8.5482e+04
             99    -1.077922330125e+00   5.796758879753e-04   8.1894e+04
            100    -1.022602270658e+00   5.088643670094e-04   7.6648e+04
            101    -1.063567189016e+00   7.086958648230e-04   9.2834e+04
            102    -1.062524778603e+00   4.879735500245e-04   8.0489e+04
            103    -1.067457215953e+00   6.062033513360e-04   8.1966e+04
            104    -1.069856596958e+00   4.557688119859e-04   7.5219e+04
            105    -1.049964317648e+00   6.449881547711e-04   8.8666e+04
            106    -1.041694278775e+00   5.245804845902e-04   8.1584e+04
            107    -1.071743374706e+00   5.981667283427e-04   8.6790e+04
            108    -1.063039248094e+00   5.242460907294e-04   8.4686e+04
            109    -1.053734100545e+00   7.439507384474e-04   8.2940e+04
            110    -1.062157849926e+00   6.500228560212e-04   8.1502e+04
            111    -1.072105095395e+00   6.696081634930e-04   8.6733e+04
            112    -1.086999479550e+00   7.288170912420e-04   8.6901e+04
            113    -1.079589789182e+00   6.250804465321e-04   8.6268e+04
            114    -1.065398400031e+00   5.099184653634e-04   8.1946e+04
            115    -1.078987286200e+00   7.186406202443e-04   8.1801e+04
            116    -1.079282318004e+00   6.665187473999e-04   8.8983e+04
            117    -1.067861404344e+00   5.603204795627e-04   7.6789e+04
            118    -1.078955768285e+00   6.390531026908e-04   8.6383e+04
            119    -1.075800211988e+00   9.057275974913e-04   8.9699e+04
            120    -1.073983297117e+00   6.112140852475e-04   9.0928e+04
            121    -1.060088112184e+00   6.974150383817e-04   8.1155e+04
            122    -1.061583704894e+00   7.129404245636e-04   9.2816e+04
            123    -1.058853401061e+00   5.635218331615e-04   8.2460e+04
            124    -1.041746761410e+00   6.133131865737e-04   7.8372e+04
            125    -1.065662497869e+00   5.209939761760e-04   7.9821e+04
            126    -1.067358365037e+00   7.079306739073e-04   8.4335e+04
            127    -1.067230891939e+00   6.369095411360e-04   8.7648e+04
            128    -1.093057303161e+00   6.965398425909e-04   8.5203e+04
            129    -1.078470832477e+00   5.723043721308e-04   8.6144e+04
            130    -1.058850377245e+00   6.911927749044e-04   8.3466e+04
            131    -1.081491724472e+00   6.416623298175e-04   7.6180e+04
            132    -1.053200982231e+00   7.807345119472e-04   8.0642e+04
            133    -1.028742982775e+00   4.688130484525e-04   7.7071e+04
            134    -1.052061118078e+00   4.677402621491e-04   7.9016e+04
            135    -1.099193987476e+00   7.217670681593e-04   9.1747e+04
            136    -1.056675967648e+00   6.425707621347e-04   8.0505e+04
            137    -1.055441742043e+00   5.875056781881e-04   9.3514e+04
            138    -1.119862796765e+00   8.527086673165e-04   9.0810e+04
            139    -1.003592882633e+00   4.037365002237e-04   7.7259e+04
            140    -1.069524336893e+00   5.217523221870e-04   7.6058e+04
            141    -1.068168973563e+00   6.357576573087e-04   9.0698e+04
            142    -1.063236906560e+00   5.747424187609e-04   8.0675e+04
            143    -1.062122732716e+00   5.360992971493e-04   7.1898e+04
            144    -1.071359939871e+00   7.549232651062e-04   8.6780e+04
            145    -1.055941853520e+00   6.034703387849e-04   8.2036e+04
            146    -1.081777916106e+00   6.947611960124e-04   9.0371e+04
            147    -1.065550157198e+00   6.063167352263e-04   8.3675e+04
            148    -1.071720445536e+00   5.976288292709e-04   8.9405e+04
            149    -1.094603203539e+00   6.903055759380e-04   8.2964e+04
            150    -1.044760472133e+00   4.591912854560e-04   7.9325e+04
            151    -1.080451641888e+00   6.456489782027e-04   8.3127e+04
            152    -1.067540304136e+00   4.212921967833e-04   8.2455e+04
            153    -1.064430956524e+00   6.507545924469e-04   8.1559e+04
            154    -1.083332069028e+00   6.351378906798e-04   8.8137e+04
            155    -1.099767803447e+00   7.600129738374e-04   7.9509e+04
            156    -1.074607270196e+00   6.969087095137e-04   8.3919e+04
            157    -1.074878273013e+00   5.452407269011e-04   8.7766e+04
            158    -1.037912169645e+00   5.079862421017e-04   7.8690e+04
            159    -1.083954560128e+00   5.967490459058e-04   9.3976e+04
            160    -1.059235141436e+00   7.401726625177e-04   8.5427e+04
            161    -1.053333849218e+00   6.214239796849e-04   7.9629e+04
            162    -1.052561614111e+00   5.536713634708e-04   8.8585e+04
            163    -1.063921074226e+00   6.201580101770e-04   8.7042e+04
            164    -1.027992765851e+00   5.343224634540e-04   8.2265e+04
            165    -1.074799510728e+00   5.209260634493e-04   8.1907e+04
            166    -1.080426278656e+00   6.954402230151e-04   7.9943e+04
            167    -1.080261991805e+00   5.825906712667e-04   8.4888e+04
            168    -1.080770569130e+00   6.310740801450e-04   8.4852e+04
            169    -1.050036398907e+00   6.078579351203e-04   8.2978e+04
            170    -1.076806415499e+00   5.211705766590e-04   8.8981e+04
            171    -1.040427260822e+00   6.116897350653e-04   8.5641e+04
            172    -1.079054148828e+00   7.880813213689e-04   9.0745e+04
            173    -1.068449679721e+00   7.995287036258e-04   8.3622e+04
            174    -1.057039392643e+00   5.920408535215e-04   7.8689e+04
            175    -1.079879435907e+00   5.538189169922e-04   8.4755e+04
            176    -1.063260922883e+00   5.337932524667e-04   8.6507e+04
            177    -1.040544436436e+00   5.608295169899e-04   7.5580e+04
            178    -1.048018061962e+00   5.478346243999e-04   7.8968e+04
            179    -1.047975661389e+00   6.301257422914e-04   7.9641e+04
            180    -1.066997995482e+00   6.250223990645e-04   8.5996e+04
            181    -1.063273535970e+00   6.387872035190e-04   8.1424e+04
            182    -1.064230916917e+00   6.572039977343e-04   8.2149e+04
            183    -1.055477189802e+00   5.344376289575e-04   8.2107e+04
            184    -1.048134804780e+00   7.278943156341e-04   8.8725e+04
            185    -1.109036458613e+00   7.698231802407e-04   8.6374e+04
            186    -1.083640542926e+00   4.602842074634e-04   8.2842e+04
            187    -1.082710631733e+00   6.483158140159e-04   8.6335e+04
            188    -1.082248980457e+00   6.278348590196e-04   8.6454e+04
            189    -1.056965213371e+00   6.816766390393e-04   8.7813e+04
            190    -1.086318469398e+00   7.316259226375e-04   9.3809e+04
            191    -1.051022132336e+00   5.205767322280e-04   8.6788e+04
            192    -1.068981297053e+00   5.371607974656e-04   8.6542e+04
            193    -1.083811162104e+00   6.151535991139e-04   8.0010e+04
            194    -1.076913446459e+00   6.664581597194e-04   8.5128e+04
            195    -1.047635018156e+00   4.206836436223e-04   8.3938e+04
            196    -1.067277897794e+00   6.467569682505e-04   8.4407e+04
            197    -1.102271019425e+00   6.673406837845e-04   8.0429e+04
            198    -1.078339477715e+00   7.247055779794e-04   8.4381e+04
            199    -1.090139241607e+00   5.566927849978e-04   7.6305e+04
            200    -1.045156547130e+00   5.871812150906e-04   8.5137e+04
            201    -1.079645743892e+00   4.552433816411e-04   8.2232e+04
            202    -1.063120983004e+00   6.661072569597e-04   8.2248e+04
            203    -1.106245603140e+00   6.401018551210e-04   8.4639e+04
            204    -1.071569934539e+00   7.585544349069e-04   8.4464e+04
            205    -1.074481620991e+00   4.516331215381e-04   7.4796e+04
            206    -1.071552934744e+00   5.785639888880e-04   8.1206e+04
            207    -1.040324922952e+00   4.482633539875e-04   8.0110e+04
            208    -1.068830782523e+00   6.546272225310e-04   8.3705e+04
            209    -1.074134188415e+00   8.386986026952e-04   8.2606e+04
            210    -1.062869916800e+00   5.716161600844e-04   8.4033e+04
            211    -1.062003568860e+00   7.045154492767e-04   8.3389e+04
            212    -1.063859402297e+00   4.661205764383e-04   8.7340e+04
            213    -1.053633975443e+00   5.440578892977e-04   7.9636e+04
            214    -1.080405915494e+00   6.873649667708e-04   8.5195e+04
            215    -1.064872604626e+00   5.144007127213e-04   7.5224e+04
            216    -1.062999206535e+00   4.943221813800e-04   8.6287e+04
            217    -1.080754879726e+00   5.784928284790e-04   8.0527e+04
            218    -1.071055397497e+00   5.890393423834e-04   7.7760e+04
            219    -1.074884428715e+00   5.435902632211e-04   8.5607e+04
            220    -1.040697573862e+00   6.012098129778e-04   8.5140e+04
            221    -1.049180976346e+00   5.890573278622e-04   7.7848e+04
            222    -1.058186788866e+00   4.776179928343e-04   8.0349e+04
            223    -1.035049774621e+00   6.893026918170e-04   8.7087e+04
            224    -1.070354992111e+00   6.255223151178e-04   8.3833e+04
            225    -1.053449009209e+00   5.522449121111e-04   8.2338e+04
            226    -1.062094283835e+00   6.340656503311e-04   8.4750e+04
            227    -1.070722958543e+00   5.985228960685e-04   8.6203e+04
            228    -1.085491120360e+00   5.483946354887e-04   8.8393e+04
            229    -1.088169864358e+00   6.458299829594e-04   9.0769e+04
            230    -1.068421562155e+00   5.306590791815e-04   8.5309e+04
            231    -1.067199529436e+00   5.764451053949e-04   9.1030e+04
            232    -1.067164510686e+00   5.734990348346e-04   8.5499e+04
            233    -1.067298706954e+00   5.770648422812e-04   8.5777e+04
            234    -1.067678832689e+00   5.946175922790e-04   8.9595e+04
            235    -1.056273031859e+00   5.023636429064e-04   8.8832e+04
            236    -1.044280691303e+00   5.514141398890e-04   8.3714e+04
            237    -1.081945462015e+00   7.143220528477e-04   8.9744e+04
            238    -1.093957479172e+00   7.516402356840e-04   8.9240e+04
            239    -1.062765745853e+00   5.571998294786e-04   8.1855e+04
            240    -1.093352611265e+00   6.736757367353e-04   8.6152e+04
            241    -1.041852106484e+00   4.909873778813e-04   8.2217e+04
            242    -1.097672138854e+00   6.705709055659e-04   9.0383e+04
            243    -1.055331551134e+00   5.967342088615e-04   9.3062e+04
            244    -1.060626007578e+00   6.177580657681e-04   8.4791e+04
            245    -1.081922572691e+00   6.724423420258e-04   8.8597e+04
            246    -1.076938548680e+00   6.852770462465e-04   8.7889e+04
            247    -1.061187463181e+00   5.597011214638e-04   7.5888e+04
            248    -1.060948617244e+00   6.699518075082e-04   8.4717e+04
            249    -1.065262402340e+00   6.491340382766e-04   7.8846e+04
            250    -1.073846520007e+00   7.148273355974e-04   8.6704e+04
            251    -1.086162748616e+00   6.471154364414e-04   8.7968e+04
            252    -1.043214506461e+00   4.474635316589e-04   8.1177e+04
            253    -1.061696282020e+00   6.596527147269e-04   8.3755e+04
            254    -1.031968693641e+00   4.936871861543e-04   8.1605e+04
            255    -1.049859699978e+00   5.123900111775e-04   8.7628e+04
            256    -1.046374150801e+00   5.217670143336e-04   8.0362e+04
            257    -1.040560379925e+00   4.090137138935e-04   7.0407e+04
            258    -1.089015018094e+00   7.120313636839e-04   8.0720e+04
            259    -1.069786412824e+00   5.948352704895e-04   8.3183e+04
            260    -1.074797862932e+00   6.116285939574e-04   8.5339e+04
            261    -1.038694156421e+00   5.357353571940e-04   7.5634e+04
            262    -1.067599787859e+00   5.671846631816e-04   8.2781e+04
            263    -1.045833323042e+00   5.223385582488e-04   8.8868e+04
            264    -1.062293967374e+00   8.626256349674e-04   8.7433e+04
            265    -1.071329724243e+00   5.348304139795e-04   7.4453e+04
            266    -1.073967204116e+00   6.865244557982e-04   7.8730e+04
            267    -1.070230638585e+00   5.847147712049e-04   8.3810e+04
            268    -1.060001107345e+00   6.643696960030e-04   7.7502e+04
            269    -1.059486579384e+00   5.350163182009e-04   8.4196e+04
            270    -1.104236251544e+00   8.288961009058e-04   8.5696e+04
            271    -1.058278820226e+00   6.581946964631e-04   8.0491e+04
            272    -1.054511405391e+00   4.793947483368e-04   8.3741e+04
            273    -1.087586824883e+00   6.380533426195e-04   8.2817e+04
            274    -1.070579406815e+00   5.323655871145e-04   8.0630e+04
            275    -1.072393980010e+00   5.319780938140e-04   8.2340e+04
            276    -1.050747160802e+00   5.280377602265e-04   8.1887e+04
            277    -1.088338776218e+00   6.978075981581e-04   8.1530e+04
            278    -1.083896951636e+00   6.409261805572e-04   7.7919e+04
            279    -1.015769280124e+00   5.544189998938e-04   8.2120e+04
            280    -1.048480704146e+00   5.555268638774e-04   6.9360e+04
            281    -1.070999947211e+00   7.088195670465e-04   7.8107e+04
            282    -1.074845762288e+00   5.212976537784e-04   7.7064e+04
            283    -1.098134739962e+00   5.996510760749e-04   7.4480e+04
            284    -1.047601708713e+00   6.215983375829e-04   8.2021e+04
            285    -1.076538726231e+00   5.947530639851e-04   7.9728e+04
            286    -1.061235369321e+00   6.246222975885e-04   7.7493e+04
            287    -1.090821205384e+00   7.075821596928e-04   8.2242e+04
            288    -1.078327055284e+00   7.075215831677e-04   9.0460e+04
            289    -1.066372330177e+00   6.844656252979e-04   8.4289e+04
            290    -1.064544046569e+00   6.135811917857e-04   8.0961e+04
            291    -1.085430492477e+00   7.653701460200e-04   8.4702e+04
            292    -1.041938045064e+00   6.041327578493e-04   8.0618e+04
            293    -1.080776340486e+00   7.079678199567e-04   8.3369e+04
            294    -1.070235610061e+00   6.418386788570e-04   7.9893e+04
            295    -1.074688998169e+00   5.795044963665e-04   8.1572e+04
            296    -1.050463461241e+00   4.865480271980e-04   7.9411e+04
            297    -1.032267275760e+00   6.371574496183e-04   8.5715e+04
            298    -1.093664334384e+00   6.259419244709e-04   8.4326e+04
            299    -1.073748523501e+00   7.294649851776e-04   8.0232e+04
            300    -1.056186330792e+00   6.335204329785e-04   7.7473e+04
            301    -1.076529814831e+00   7.838100704866e-04   8.2858e+04
            302    -1.058713331205e+00   6.875034635388e-04   8.3938e+04
            303    -1.044238624657e+00   6.346719829231e-04   8.0743e+04
            304    -1.088174336409e+00   5.956408876601e-04   8.2083e+04
            305    -1.041879585141e+00   5.725747131751e-04   8.0171e+04
            306    -1.074036894510e+00   6.369388574129e-04   8.7993e+04
            307    -1.065626892821e+00   6.643616392006e-04   7.4952e+04
            308    -1.083627584360e+00   7.166034990647e-04   8.1017e+04
            309    -1.066672423365e+00   5.796515394619e-04   7.9626e+04
            310    -1.061606022614e+00   7.133371131584e-04   8.3628e+04
            311    -1.075801975726e+00   5.655368209417e-04   8.3659e+04
            312    -1.056006927981e+00   5.534540735402e-04   8.0419e+04
            313    -1.054307373495e+00   5.526953078455e-04   7.9504e+04
            314    -1.063874529001e+00   6.016830056235e-04   8.0914e+04
            315    -1.028016934309e+00   5.435882059431e-04   7.7040e+04
            316    -1.044630727593e+00   6.039992859798e-04   8.0375e+04
            317    -1.034237149751e+00   6.578292808272e-04   7.6524e+04
            318    -1.067503155337e+00   6.388380243118e-04   8.2660e+04
            319    -1.060109693935e+00   7.037012603742e-04   8.6846e+04
