# 1. proc label     2. energy            3. bias correction   4. niters  5. time
104.60396825396825    -9.233750592653e-01   3.535110257063e-04   1.0460e+02   8.9982e+04
105.51428571428572    -9.359921974971e-01   5.227573885901e-04   1.0551e+02   9.5970e+04
104.88253968253969    -9.570348768727e-01   3.471046298057e-04   1.0488e+02   9.2889e+04
103.26269841269841    -9.092381685702e-01   2.671567466682e-04   1.0326e+02   8.7075e+04
103.60873015873015    -9.293914548307e-01   3.273055492768e-04   1.0361e+02   9.1648e+04
103.91349206349206    -9.172508051893e-01   3.329439837840e-04   1.0391e+02   8.7351e+04
103.20873015873016    -9.173331714439e-01   3.421682808399e-04   1.0321e+02   8.1244e+04
103.48968253968253    -9.211799521752e-01   3.396513592380e-04   1.0349e+02   9.0832e+04
105.43492063492063    -9.259951111668e-01   3.042547099065e-04   1.0543e+02   8.9272e+04
104.24603174603175    -9.203699961682e-01   3.706318024968e-04   1.0425e+02   9.6692e+04
103.92142857142858    -9.167658360031e-01   3.705116763924e-04   1.0392e+02   9.1046e+04
103.44365079365079    -9.327951300292e-01   3.513658400058e-04   1.0344e+02   9.6730e+04
103.57777777777778    -8.994101947297e-01   3.197888642307e-04   1.0358e+02   9.0076e+04
102.42857142857143    -9.164848240530e-01   3.307192518752e-04   1.0243e+02   8.6053e+04
102.9888888888889    -9.211193514216e-01   4.064674495356e-04   1.0299e+02   9.6018e+04
102.46111111111111    -9.022447516575e-01   4.142652534912e-04   1.0246e+02   8.4928e+04
104.43412698412699    -9.240165639525e-01   3.444912830462e-04   1.0443e+02   9.5972e+04
104.89761904761905    -9.244765955304e-01   3.461817740474e-04   1.0490e+02   9.3577e+04
104.8484126984127    -9.246161795920e-01   5.019217651079e-04   1.0485e+02   1.0211e+05
103.21904761904761    -9.241135825902e-01   4.011333147715e-04   1.0322e+02   8.6818e+04
104.60079365079365    -9.128030043300e-01   3.681667294071e-04   1.0460e+02   9.2011e+04
103.44444444444444    -9.243302839134e-01   3.228163486912e-04   1.0344e+02   8.6922e+04
102.68492063492063    -9.127805426185e-01   3.518306129012e-04   1.0268e+02   8.8703e+04
104.01507936507936    -9.336424426193e-01   3.805510801664e-04   1.0402e+02   9.2276e+04
103.6452380952381    -9.301672780509e-01   3.628861662086e-04   1.0365e+02   8.6794e+04
103.63809523809523    -9.283260440687e-01   6.274431316741e-04   1.0364e+02   9.3495e+04
104.1484126984127    -9.098111460293e-01   3.048525283560e-04   1.0415e+02   8.5510e+04
103.0579365079365    -9.297800523195e-01   3.722332008540e-04   1.0306e+02   9.5305e+04
104.05555555555556    -9.226463075322e-01   4.163289132627e-04   1.0406e+02   9.6785e+04
103.41031746031746    -9.084974698218e-01   3.805017819122e-04   1.0341e+02   8.9951e+04
103.22063492063492    -9.114391597662e-01   3.391848654597e-04   1.0322e+02   8.6961e+04
104.1047619047619    -9.298555800369e-01   3.468193259245e-04   1.0410e+02   8.7127e+04
103.12460317460318    -9.142796319535e-01   4.399512137233e-04   1.0312e+02   8.9241e+04
102.93492063492063    -9.144233937829e-01   3.281736396507e-04   1.0293e+02   8.7360e+04
103.17698412698412    -9.420022245026e-01   3.209049989042e-04   1.0318e+02   9.2860e+04
102.16507936507936    -9.001092872932e-01   3.374371814810e-04   1.0217e+02   8.7701e+04
102.76984126984127    -9.018603009869e-01   3.320395150508e-04   1.0277e+02   8.7655e+04
105.67063492063492    -9.293277723690e-01   3.225185729428e-04   1.0567e+02   8.9754e+04
103.63968253968254    -9.351666289501e-01   4.053687223965e-04   1.0364e+02   9.5799e+04
104.76269841269841    -9.453072973200e-01   4.582835455272e-04   1.0476e+02   9.7953e+04
102.02142857142857    -9.089635858549e-01   4.338574834597e-04   1.0202e+02   8.9147e+04
103.06269841269841    -9.332728976668e-01   3.855672216607e-04   1.0306e+02   8.4935e+04
103.58809523809524    -9.213215855711e-01   3.404023316824e-04   1.0359e+02   8.8281e+04
104.06904761904762    -9.125618376056e-01   3.324194337812e-04   1.0407e+02   8.8113e+04
103.20873015873016    -9.222504330804e-01   3.931942783348e-04   1.0321e+02   9.4018e+04
103.8515873015873    -9.327059986998e-01   4.494473965662e-04   1.0385e+02   8.9389e+04
103.42539682539683    -9.111181626703e-01   4.345803526345e-04   1.0343e+02   9.5001e+04
103.25952380952381    -9.163975685424e-01   3.185213201135e-04   1.0326e+02   8.9889e+04
103.66269841269842    -9.164712314476e-01   3.866094520836e-04   1.0366e+02   9.5963e+04
102.77142857142857    -9.238410343059e-01   3.478316568470e-04   1.0277e+02   9.3961e+04
104.51746031746032    -9.242104310438e-01   3.804272204422e-04   1.0452e+02   9.2095e+04
103.5436507936508    -8.994589810027e-01   3.567168112962e-04   1.0354e+02   1.0025e+05
102.75952380952381    -9.396880947620e-01   3.483186837174e-04   1.0276e+02   8.7901e+04
103.34126984126983    -9.255805662886e-01   3.413955834022e-04   1.0334e+02   9.1756e+04
102.5047619047619    -9.093565432139e-01   3.473865795505e-04   1.0250e+02   9.4576e+04
103.68174603174603    -9.334191608588e-01   3.564419625288e-04   1.0368e+02   9.2987e+04
105.11904761904762    -9.169767628462e-01   3.149231526002e-04   1.0512e+02   9.0574e+04
103.88095238095238    -9.424447247072e-01   4.137592054455e-04   1.0388e+02   9.1864e+04
102.94603174603175    -9.137463541840e-01   3.411674263360e-04   1.0295e+02   9.0443e+04
101.56746031746032    -9.068866898628e-01   3.453318076415e-04   1.0157e+02   9.1141e+04
104.53730158730158    -9.057631935958e-01   2.781656533331e-04   1.0454e+02   8.7027e+04
103.79444444444445    -9.403909693557e-01   4.546500298917e-04   1.0379e+02   9.4592e+04
103.66269841269842    -9.104408425866e-01   3.897296542598e-04   1.0366e+02   9.3217e+04
102.0531746031746    -8.999116500129e-01   2.930848681083e-04   1.0205e+02   8.8482e+04
104.92619047619047    -9.157638135279e-01   3.735224326903e-04   1.0493e+02   9.2155e+04
104.39126984126985    -9.186212017308e-01   3.142643231967e-04   1.0439e+02   9.3778e+04
105.16428571428571    -9.130072619289e-01   4.132382721104e-04   1.0516e+02   9.3049e+04
105.12222222222222    -9.056785771142e-01   3.671129533984e-04   1.0512e+02   9.2214e+04
104.53571428571429    -9.430645379874e-01   4.139616567455e-04   1.0454e+02   9.3178e+04
103.62936507936507    -9.399753216448e-01   4.071883429896e-04   1.0363e+02   9.3708e+04
102.58015873015873    -9.109208994705e-01   4.454978871482e-04   1.0258e+02   8.5167e+04
102.72777777777777    -9.143691359996e-01   3.690325071399e-04   1.0273e+02   9.6649e+04
104.03253968253968    -9.086253167420e-01   3.385433846054e-04   1.0403e+02   9.7924e+04
104.01825396825397    -9.333208628967e-01   3.897469016030e-04   1.0402e+02   8.9212e+04
104.32063492063492    -9.309811943336e-01   3.581105371991e-04   1.0432e+02   9.4649e+04
105.4531746031746    -9.385387677065e-01   3.048943641998e-04   1.0545e+02   8.8854e+04
103.54285714285714    -9.281213511929e-01   3.247210993287e-04   1.0354e+02   8.5770e+04
103.76031746031747    -9.282399638578e-01   2.730872631193e-04   1.0376e+02   9.3333e+04
103.68095238095238    -9.212259996291e-01   3.563702310462e-04   1.0368e+02   9.6160e+04
104.13650793650794    -9.141758426733e-01   5.615019214635e-04   1.0414e+02   9.7412e+04
102.4920634920635    -8.989879837794e-01   3.612397868221e-04   1.0249e+02   9.1361e+04
104.59206349206349    -9.297186049433e-01   3.080100843329e-04   1.0459e+02   9.1450e+04
105.92857142857143    -9.254641186964e-01   2.903591878642e-04   1.0593e+02   9.3600e+04
103.9515873015873    -9.265028145885e-01   3.952747752488e-04   1.0395e+02   9.6734e+04
103.02063492063492    -9.184743620731e-01   3.213481562743e-04   1.0302e+02   9.1022e+04
103.93730158730159    -9.219056390696e-01   3.642098660218e-04   1.0394e+02   9.6547e+04
104.47460317460317    -9.357552215376e-01   3.529033969459e-04   1.0447e+02   8.9155e+04
104.01269841269841    -9.199448401518e-01   4.756907007508e-04   1.0401e+02   9.3331e+04
104.76904761904763    -9.271061600293e-01   3.762392446261e-04   1.0477e+02   9.1168e+04
103.93174603174603    -8.922636601035e-01   3.620239681511e-04   1.0393e+02   9.1976e+04
103.26904761904763    -9.199520383113e-01   3.587495656275e-04   1.0327e+02   8.8274e+04
103.02063492063492    -9.227231315139e-01   3.921074425866e-04   1.0302e+02   9.5323e+04
104.43253968253968    -9.224225006183e-01   5.196541069782e-04   1.0443e+02   9.2299e+04
104.46984126984127    -9.227174993615e-01   3.225403791650e-04   1.0447e+02   9.6742e+04
104.79523809523809    -9.273531842587e-01   3.614564006333e-04   1.0480e+02   9.8149e+04
103.62380952380953    -9.117465813334e-01   3.763726247329e-04   1.0362e+02   9.3376e+04
103.5547619047619    -9.296580466262e-01   3.786178556360e-04   1.0355e+02   9.0494e+04
104.09285714285714    -9.356215567440e-01   3.540685622231e-04   1.0409e+02   9.3869e+04
104.02222222222223    -9.394881954245e-01   3.943574975049e-04   1.0402e+02   9.1576e+04
103.27142857142857    -9.113586034815e-01   3.628908171116e-04   1.0327e+02   9.3625e+04
104.00396825396825    -9.264633088647e-01   3.715850295256e-04   1.0400e+02   9.0219e+04
102.40873015873017    -9.144777779408e-01   3.873691855927e-04   1.0241e+02   8.7416e+04
104.55238095238096    -9.358144132366e-01   3.625958794229e-04   1.0455e+02   9.8135e+04
103.98333333333333    -9.259436412878e-01   3.755576036129e-04   1.0398e+02   9.5550e+04
102.3873015873016    -9.081408191891e-01   3.216260910521e-04   1.0239e+02   8.8872e+04
103.26031746031747    -9.099878825554e-01   3.908631611912e-04   1.0326e+02   9.1917e+04
103.76349206349207    -9.215220381039e-01   3.923005799415e-04   1.0376e+02   8.8443e+04
103.4920634920635    -8.850348640275e-01   3.416519715654e-04   1.0349e+02   9.1208e+04
102.24047619047619    -9.005242709514e-01   3.780465928942e-04   1.0224e+02   8.9664e+04
          103.1    -9.030367443418e-01   3.642179607816e-04   1.0310e+02   8.8241e+04
104.51825396825397    -9.199485780803e-01   3.086313209088e-04   1.0452e+02   1.0259e+05
103.27539682539683    -9.158948126772e-01   3.561081129018e-04   1.0328e+02   9.8628e+04
103.98412698412699    -9.066659493185e-01   2.936317905791e-04   1.0398e+02   9.5220e+04
103.88650793650794    -9.191448738135e-01   3.246617317798e-04   1.0389e+02   9.1027e+04
101.56190476190476    -9.110654132658e-01   2.850288737357e-04   1.0156e+02   9.5952e+04
103.11111111111111    -9.170410416139e-01   3.409046864276e-04   1.0311e+02   8.6788e+04
103.66190476190476    -9.020530160514e-01   4.027972545491e-04   1.0366e+02   9.1403e+04
103.62301587301587    -9.153694929692e-01   3.251519853888e-04   1.0362e+02   9.4693e+04
103.29206349206349    -9.247357721878e-01   5.240530120596e-04   1.0329e+02   9.5712e+04
103.92857142857143    -9.328241079525e-01   3.482664837019e-04   1.0393e+02   9.6320e+04
104.42777777777778    -9.199179446033e-01   3.909311210891e-04   1.0443e+02   9.3275e+04
105.54523809523809    -9.206390123214e-01   4.268588641244e-04   1.0555e+02   9.3516e+04
104.02142857142857    -9.241664218818e-01   4.383210292077e-04   1.0402e+02   8.4614e+04
103.66428571428571    -9.164345667677e-01   3.601898011116e-04   1.0366e+02   8.6596e+04
103.52063492063492    -9.288491137314e-01   3.266389344640e-04   1.0352e+02   9.5427e+04
102.56904761904762    -9.039411080646e-01   3.002886553095e-04   1.0257e+02   7.9105e+04
102.51904761904763    -9.071760939819e-01   2.777405716884e-04   1.0252e+02   8.5426e+04
106.02142857142857    -9.375693573762e-01   3.515105850919e-04   1.0602e+02   9.6820e+04
103.5531746031746    -9.046629636701e-01   3.300149323700e-04   1.0355e+02   9.6448e+04
104.20079365079366    -9.182692510287e-01   3.562588419216e-04   1.0420e+02   9.0973e+04
104.1595238095238    -9.239032106536e-01   3.868774295969e-04   1.0416e+02   9.7392e+04
104.48809523809524    -9.397401406702e-01   3.620275553018e-04   1.0449e+02   9.1888e+04
102.67539682539683    -9.397559252254e-01   3.318589157349e-04   1.0268e+02   8.4211e+04
105.44285714285714    -9.485051736450e-01   3.391307591972e-04   1.0544e+02   9.2774e+04
103.95476190476191    -9.179053768859e-01   3.099670107920e-04   1.0395e+02   9.4151e+04
102.95793650793651    -9.237583632060e-01   3.410073262081e-04   1.0296e+02   9.2525e+04
102.71190476190476    -9.118677216098e-01   3.289826305878e-04   1.0271e+02   8.5874e+04
102.60952380952381    -8.942685404962e-01   3.730151894597e-04   1.0261e+02   8.4403e+04
103.06269841269841    -9.123247870331e-01   3.644017113859e-04   1.0306e+02   9.3173e+04
104.28333333333333    -9.227222723110e-01   4.127820483330e-04   1.0428e+02   9.4114e+04
103.72063492063492    -9.308586638864e-01   3.488300526158e-04   1.0372e+02   9.0871e+04
104.98333333333333    -9.425142111018e-01   3.966769612015e-04   1.0498e+02   9.4016e+04
104.53095238095239    -9.206309814918e-01   2.916665461451e-04   1.0453e+02   9.4888e+04
102.7063492063492    -9.079090830468e-01   3.551128401236e-04   1.0271e+02   8.9977e+04
103.91269841269842    -9.090583310795e-01   2.815892944623e-04   1.0391e+02   8.4238e+04
103.15238095238095    -9.185470945141e-01   3.769576957784e-04   1.0315e+02   9.1566e+04
103.50714285714285    -9.099347455981e-01   3.701433294356e-04   1.0351e+02   9.0732e+04
103.57698412698413    -9.131857738014e-01   3.655378551610e-04   1.0358e+02   9.1178e+04
104.11984126984127    -9.136941897256e-01   3.550181222924e-04   1.0412e+02   8.8110e+04
102.54523809523809    -9.212468336007e-01   5.070160759815e-04   1.0255e+02   9.3997e+04
104.02619047619048    -9.175185000552e-01   3.794737456835e-04   1.0403e+02   9.5210e+04
103.9888888888889    -9.103616771829e-01   3.347559711620e-04   1.0399e+02   8.5813e+04
104.42619047619047    -9.160022324645e-01   3.689941357762e-04   1.0443e+02   9.2751e+04
104.62142857142857    -9.087018060773e-01   3.221291152797e-04   1.0462e+02   8.9309e+04
103.82063492063492    -9.249927755985e-01   3.576787815726e-04   1.0382e+02   8.7106e+04
103.1484126984127    -9.131023952513e-01   3.609434802354e-04   1.0315e+02   9.1339e+04
104.20396825396826    -8.952669049210e-01   3.690618016270e-04   1.0420e+02   8.9509e+04
104.18174603174603    -9.183094533163e-01   3.352887807771e-04   1.0418e+02   8.2287e+04
104.28253968253968    -9.299752645804e-01   3.772482771475e-04   1.0428e+02   9.0492e+04
104.11904761904762    -9.187683998884e-01   3.344013755291e-04   1.0412e+02   9.2455e+04
103.36746031746031    -9.118500906728e-01   4.185161700780e-04   1.0337e+02   8.2366e+04
102.91428571428571    -9.116338702292e-01   5.078773759984e-04   1.0291e+02   8.4083e+04
102.09444444444445    -9.090369818300e-01   3.845213884172e-04   1.0209e+02   8.4825e+04
102.39126984126985    -9.054445745930e-01   4.818843510370e-04   1.0239e+02   9.0304e+04
104.93888888888888    -9.402855121315e-01   2.830307211550e-04   1.0494e+02   8.8707e+04
103.74603174603175    -8.977222544832e-01   3.467468094094e-04   1.0375e+02   8.5917e+04
103.32063492063492    -9.164953611731e-01   3.413296672757e-04   1.0332e+02   8.8068e+04
104.08492063492064    -9.133110549662e-01   3.493679111771e-04   1.0408e+02   8.7705e+04
103.78015873015873    -9.246305507204e-01   3.548783595731e-04   1.0378e+02   9.0436e+04
104.56904761904762    -9.385755905853e-01   3.487053463426e-04   1.0457e+02   9.6478e+04
105.4031746031746    -9.294499002487e-01   3.962963925630e-04   1.0540e+02   8.9772e+04
102.91190476190476    -9.191729495145e-01   3.051749338103e-04   1.0291e+02   8.9486e+04
105.89444444444445    -9.121723470061e-01   3.534418661773e-04   1.0589e+02   9.2093e+04
103.35079365079365    -9.279340965911e-01   3.971121280427e-04   1.0335e+02   9.1365e+04
103.59285714285714    -9.181896763541e-01   3.831996003466e-04   1.0359e+02   9.5593e+04
103.1515873015873    -9.149081137629e-01   3.474613096701e-04   1.0315e+02   8.3191e+04
         103.45    -9.133125701230e-01   3.604873404903e-04   1.0345e+02   9.0235e+04
103.75952380952381    -9.266863778954e-01   3.588086692288e-04   1.0376e+02   9.0730e+04
103.73809523809524    -9.181997092512e-01   3.692942346635e-04   1.0374e+02   8.7143e+04
102.01269841269841    -8.936349217972e-01   3.009565036702e-04   1.0201e+02   8.5399e+04
103.08095238095238    -8.955426807505e-01   3.748609053816e-04   1.0308e+02   9.2437e+04
103.70079365079366    -9.273297993609e-01   4.471597482689e-04   1.0370e+02   9.0515e+04
102.83650793650794    -9.130127308111e-01   3.849787450363e-04   1.0284e+02   8.3451e+04
102.74126984126984    -9.090888137436e-01   2.999706083701e-04   1.0274e+02   8.5750e+04
102.13253968253969    -9.070451301558e-01   2.617642909684e-04   1.0213e+02   8.8755e+04
101.42936507936508    -9.107554236429e-01   3.258491969559e-04   1.0143e+02   8.6080e+04
103.79444444444445    -9.196889485037e-01   3.959674841818e-04   1.0379e+02   9.4155e+04
103.03333333333333    -9.076150368420e-01   4.112523539025e-04   1.0303e+02   9.3851e+04
103.6452380952381    -9.171675033571e-01   3.259373448013e-04   1.0365e+02   8.4085e+04
104.63333333333334    -9.219409865537e-01   3.309406644788e-04   1.0463e+02   9.6712e+04
104.28174603174604    -9.075929887648e-01   2.787420843808e-04   1.0428e+02   8.2960e+04
103.46904761904761    -9.292791930063e-01   3.774794325728e-04   1.0347e+02   9.2258e+04
104.56111111111112    -9.399897525966e-01   3.228649277312e-04   1.0456e+02   9.3291e+04
103.40555555555555    -8.957164309126e-01   2.973750537497e-04   1.0341e+02   8.8283e+04
104.70793650793651    -9.349784996721e-01   4.045957902926e-04   1.0471e+02   9.5507e+04
102.84206349206349    -9.180889932290e-01   3.754451353500e-04   1.0284e+02   9.4652e+04
104.79603174603174    -9.292184691390e-01   2.799758816655e-04   1.0480e+02   9.5557e+04
104.2388888888889    -9.254252521672e-01   3.908145465885e-04   1.0424e+02   9.1562e+04
103.9095238095238    -9.214911198362e-01   3.516611646259e-04   1.0391e+02   9.1122e+04
103.79444444444445    -9.210220291892e-01   3.257246611877e-04   1.0379e+02   8.8068e+04
103.18174603174603    -9.053390525986e-01   4.316150684575e-04   1.0318e+02   9.2649e+04
103.99365079365079    -9.166586267226e-01   4.398250305468e-04   1.0399e+02   9.4369e+04
102.47777777777777    -9.350812986084e-01   3.245703824384e-04   1.0248e+02   8.7316e+04
102.23809523809524    -9.275252783652e-01   3.149070008894e-04   1.0224e+02   9.3495e+04
102.9888888888889    -9.150175560514e-01   2.856896777055e-04   1.0299e+02   8.8892e+04
103.55714285714286    -9.399790344371e-01   4.557841659041e-04   1.0356e+02   9.5527e+04
103.9095238095238    -9.154118792939e-01   3.164685447123e-04   1.0391e+02   9.3456e+04
103.69365079365079    -9.057854433566e-01   3.086134473068e-04   1.0369e+02   9.6832e+04
103.83571428571429    -9.015788911276e-01   3.026120470160e-04   1.0384e+02   9.5388e+04
104.53809523809524    -9.128550258202e-01   2.819488376984e-04   1.0454e+02   9.6717e+04
102.0984126984127    -9.195958658391e-01   3.068879172580e-04   1.0210e+02   8.6831e+04
104.41349206349206    -9.407495389109e-01   4.367515462725e-04   1.0441e+02   9.3804e+04
103.69365079365079    -9.181663999603e-01   3.099157019017e-04   1.0369e+02   9.4591e+04
103.29920634920634    -9.157466004437e-01   3.533481715599e-04   1.0330e+02   8.8606e+04
103.73333333333333    -9.260822371831e-01   3.369019988943e-04   1.0373e+02   9.1985e+04
104.28809523809524    -9.092465944458e-01   3.349585077436e-04   1.0429e+02   9.1719e+04
103.54126984126984    -9.150853847305e-01   4.122635447611e-04   1.0354e+02   9.2000e+04
105.28174603174604    -9.199571718365e-01   3.655423913203e-04   1.0528e+02   9.7990e+04
103.86587301587302    -9.269714315936e-01   4.300464013677e-04   1.0387e+02   9.7685e+04
104.23015873015873    -9.396316349713e-01   4.198800540166e-04   1.0423e+02   9.2287e+04
103.76587301587301    -8.997410083728e-01   3.417574459596e-04   1.0377e+02   9.3580e+04
103.5952380952381    -9.294900307921e-01   3.985434522733e-04   1.0360e+02   9.2104e+04
105.17619047619047    -9.323240724791e-01   3.575955117398e-04   1.0518e+02   9.4279e+04
101.86428571428571    -9.348098878041e-01   4.179360984804e-04   1.0186e+02   8.8522e+04
102.76031746031747    -9.175811186094e-01   3.442609236267e-04   1.0276e+02   9.2521e+04
102.82777777777778    -9.104181508981e-01   3.296692784407e-04   1.0283e+02   8.9343e+04
105.78174603174604    -9.320511887356e-01   2.995695237698e-04   1.0578e+02   9.3124e+04
104.31349206349206    -9.381633576382e-01   4.506484958274e-04   1.0431e+02   9.5615e+04
103.23253968253968    -9.108961148427e-01   4.477375290100e-04   1.0323e+02   8.5945e+04
102.8436507936508    -9.202061059424e-01   3.723699394619e-04   1.0284e+02   9.7866e+04
103.3626984126984    -9.079192449131e-01   3.491291055772e-04   1.0336e+02   8.7760e+04
105.60238095238095    -9.533826305574e-01   3.570042879441e-04   1.0560e+02   9.2714e+04
103.63333333333334    -9.212931044682e-01   3.481475401177e-04   1.0363e+02   9.6568e+04
104.81587301587301    -9.276413487715e-01   3.360449654392e-04   1.0482e+02   9.0664e+04
102.0984126984127    -9.188940613597e-01   3.090896777047e-04   1.0210e+02   8.1889e+04
103.9031746031746    -9.245782267460e-01   2.606022634566e-04   1.0390e+02   8.5914e+04
103.97857142857143    -8.945720585363e-01   3.052278422353e-04   1.0398e+02   9.2864e+04
104.5468253968254    -9.203783853400e-01   3.922645999494e-04   1.0455e+02   9.3406e+04
104.60079365079365    -9.429616275287e-01   4.221332725945e-04   1.0460e+02   8.5799e+04
102.64126984126985    -9.290813286485e-01   4.359902481503e-04   1.0264e+02   1.0027e+05
          105.1    -9.249760618636e-01   4.304564755675e-04   1.0510e+02   9.0594e+04
102.76507936507936    -9.205345277940e-01   4.032446928849e-04   1.0277e+02   9.3780e+04
103.72301587301587    -8.983512250196e-01   4.535801994501e-04   1.0372e+02   8.7307e+04
104.44603174603175    -9.128539909613e-01   3.313344573887e-04   1.0445e+02   8.5511e+04
105.23015873015873    -9.387701592133e-01   3.494233926366e-04   1.0523e+02   9.2969e+04
102.89126984126985    -9.244239454868e-01   3.375668548962e-04   1.0289e+02   9.2927e+04
104.7063492063492    -9.330940009661e-01   3.609107083528e-04   1.0471e+02   9.3580e+04
103.19761904761904    -9.040887625084e-01   3.630321201887e-04   1.0320e+02   9.4623e+04
103.64126984126985    -9.424496576342e-01   3.512920090154e-04   1.0364e+02   9.0911e+04
102.87539682539682    -9.238314219855e-01   3.927015097905e-04   1.0288e+02   8.8648e+04
103.72857142857143    -9.217149005258e-01   4.243787955950e-04   1.0373e+02   8.8729e+04
104.78253968253968    -9.176438445915e-01   3.402997697065e-04   1.0478e+02   9.0373e+04
103.04047619047618    -9.196081323895e-01   3.933731133142e-04   1.0304e+02   9.2335e+04
104.27301587301588    -9.112144101450e-01   2.879770110656e-04   1.0427e+02   9.4995e+04
103.28253968253968    -9.150761269089e-01   3.609435150017e-04   1.0328e+02   8.5478e+04
103.63095238095238    -9.365418600569e-01   3.455745586050e-04   1.0363e+02   9.1383e+04
102.58095238095238    -9.338428280520e-01   5.139194191074e-04   1.0258e+02   9.0520e+04
105.22539682539683    -9.602274670380e-01   5.183298300348e-04   1.0523e+02   9.5232e+04
102.72142857142858    -9.063006905373e-01   3.322279604440e-04   1.0272e+02   9.3012e+04
103.19920634920635    -9.042688246515e-01   3.348416191771e-04   1.0320e+02   9.2214e+04
105.02142857142857    -9.261816197804e-01   3.784058788914e-04   1.0502e+02   9.4073e+04
106.09761904761905    -9.336285839337e-01   3.693404005880e-04   1.0610e+02   9.9272e+04
104.77698412698413    -9.268902810030e-01   3.193981272529e-04   1.0478e+02   9.8880e+04
105.11666666666666    -9.572367349987e-01   4.008076203750e-04   1.0512e+02   1.0055e+05
102.50555555555556    -9.043401654716e-01   3.403556429098e-04   1.0251e+02   8.6482e+04
104.25396825396825    -9.258219525034e-01   3.363974813826e-04   1.0425e+02   8.7742e+04
104.3484126984127    -9.204363101235e-01   3.555643427579e-04   1.0435e+02   9.6414e+04
102.07936507936508    -8.999203059582e-01   3.784371804651e-04   1.0208e+02   9.1019e+04
104.98730158730159    -9.075166812191e-01   4.368611190237e-04   1.0499e+02   9.9819e+04
103.9015873015873    -8.910986926505e-01   3.302795529205e-04   1.0390e+02   8.9978e+04
104.45555555555555    -9.255897054260e-01   3.721233137255e-04   1.0446e+02   9.6832e+04
102.41190476190476    -9.351604776596e-01   4.040557006487e-04   1.0241e+02   8.2020e+04
104.81825396825397    -9.382840292891e-01   3.768897223126e-04   1.0482e+02   9.8255e+04
103.22222222222223    -9.189259085776e-01   3.549203801750e-04   1.0322e+02   8.6605e+04
103.16825396825396    -9.275109816488e-01   4.305057812924e-04   1.0317e+02   9.0858e+04
103.82777777777778    -9.109493788737e-01   3.715328286395e-04   1.0383e+02   8.9587e+04
103.06666666666666    -8.975189492195e-01   2.937292330233e-04   1.0307e+02   8.6371e+04
104.81825396825397    -9.379464195073e-01   4.250250021927e-04   1.0482e+02   9.5221e+04
105.36666666666666    -9.228181905150e-01   3.131146582356e-04   1.0537e+02   1.0022e+05
104.88015873015873    -9.338176493798e-01   4.197695809043e-04   1.0488e+02   1.0539e+05
102.87539682539682    -8.994021006366e-01   3.914611155612e-04   1.0288e+02   8.8012e+04
          104.9    -9.422991913288e-01   3.727717656141e-04   1.0490e+02   1.0260e+05
104.37619047619047    -9.218670224405e-01   3.696608425960e-04   1.0438e+02   9.1350e+04
103.37698412698413    -9.317948843028e-01   4.377229484780e-04   1.0338e+02   9.5757e+04
102.95238095238095    -9.223363758953e-01   4.055013259288e-04   1.0295e+02   9.2429e+04
103.41984126984127    -9.287976489916e-01   4.147125164521e-04   1.0342e+02   9.3365e+04
104.28650793650793    -9.144403948340e-01   3.465308964084e-04   1.0429e+02   8.6678e+04
105.08333333333333    -9.313678414878e-01   3.542564956862e-04   1.0508e+02   9.1343e+04
102.96269841269842    -9.067623127900e-01   3.222888033138e-04   1.0296e+02   8.9359e+04
104.57539682539682    -9.488987402268e-01   4.305817734059e-04   1.0458e+02   9.2688e+04
103.08650793650794    -9.162016342897e-01   4.117053152546e-04   1.0309e+02   8.9593e+04
103.1373015873016    -8.926936943699e-01   4.290355487696e-04   1.0314e+02   8.5836e+04
102.96746031746032    -9.102419020070e-01   4.734002627350e-04   1.0297e+02   9.0697e+04
102.94920634920635    -9.112482981998e-01   2.865370995305e-04   1.0295e+02   8.9138e+04
103.0904761904762    -9.035555114918e-01   3.242580130429e-04   1.0309e+02   9.7272e+04
105.03015873015873    -9.005436051692e-01   3.745626077672e-04   1.0503e+02   8.7306e+04
103.0111111111111    -9.195231520990e-01   4.181457942902e-04   1.0301e+02   9.4043e+04
105.27222222222223    -9.124254322399e-01   5.183531922112e-04   1.0527e+02   9.1252e+04
102.60396825396825    -8.902482968237e-01   3.157476507292e-04   1.0260e+02   9.6184e+04
103.73174603174603    -9.359114247766e-01   5.089549259625e-04   1.0373e+02   8.7166e+04
103.10634920634921    -9.219112432756e-01   3.817858694340e-04   1.0311e+02   8.6363e+04
103.5515873015873    -9.400754886643e-01   3.798104717246e-04   1.0355e+02   8.9795e+04
102.09920634920636    -9.167842950315e-01   3.389857982668e-04   1.0210e+02   8.3253e+04
102.33253968253969    -9.182572539705e-01   4.119386222922e-04   1.0233e+02   8.4522e+04
105.4047619047619    -9.403238750268e-01   4.188307766435e-04   1.0540e+02   9.1549e+04
103.72142857142858    -9.050723920672e-01   4.971647724540e-04   1.0372e+02   8.9334e+04
104.87460317460318    -9.279985114180e-01   3.970789657911e-04   1.0487e+02   9.5276e+04
103.81904761904762    -9.367666760909e-01   5.169525676735e-04   1.0382e+02   9.8523e+04
101.81984126984128    -9.036324504275e-01   3.288973389624e-04   1.0182e+02   8.5874e+04
103.48730158730159    -9.180563652645e-01   4.485954785375e-04   1.0349e+02   9.5069e+04
103.42539682539683    -9.132217524233e-01   3.053697934613e-04   1.0343e+02   9.0586e+04
104.15079365079364    -9.206426158350e-01   6.101451930506e-04   1.0415e+02   9.7365e+04
103.64126984126985    -9.152436466314e-01   3.555680092329e-04   1.0364e+02   9.1212e+04
103.42619047619047    -9.117880395445e-01   2.977395342542e-04   1.0343e+02   8.6581e+04
104.34126984126983    -9.188019693687e-01   3.478491820214e-04   1.0434e+02   9.2181e+04
103.26746031746032    -9.158059801078e-01   3.825412901034e-04   1.0327e+02   9.2174e+04
103.08333333333333    -9.115116207123e-01   3.901884915570e-04   1.0308e+02   9.2655e+04
105.27539682539683    -9.454694232813e-01   3.519919203762e-04   1.0528e+02   9.6168e+04
104.16190476190476    -9.283109637509e-01   3.888660139528e-04   1.0416e+02   9.2270e+04
103.86349206349206    -9.285446251934e-01   4.518796556398e-04   1.0386e+02   9.4860e+04
