# 1. proc label     2. energy            3. bias correction   4. time
              0    -1.056293844769e+00   6.035729181689e-04   8.2103e+04
              1    -1.072363286312e+00   5.022165901334e-04   8.3004e+04
              2    -1.082797483439e+00   5.965343863527e-04   8.1128e+04
              3    -1.035991351709e+00   5.423717613483e-04   7.2632e+04
              4    -1.068184090404e+00   5.493920488546e-04   7.9571e+04
              5    -1.054146024418e+00   4.368934766268e-04   7.8303e+04
              6    -1.069875269783e+00   6.642747825248e-04   8.5717e+04
              7    -1.054128226769e+00   4.591452293530e-04   7.8940e+04
              8    -1.058338563265e+00   5.707920600633e-04   8.0425e+04
              9    -1.057697526729e+00   5.926710761185e-04   8.6668e+04
             10    -1.040477220913e+00   5.352427568768e-04   8.1719e+04
             11    -1.043246106855e+00   6.362908344515e-04   8.8100e+04
             12    -1.042097951420e+00   6.049724961603e-04   8.8892e+04
             13    -1.079629003256e+00   6.546185182245e-04   8.7921e+04
             14    -1.045354142020e+00   5.391446309558e-04   8.3430e+04
             15    -1.066126669390e+00   5.279920795897e-04   7.8745e+04
             16    -1.058602549614e+00   5.671989898932e-04   7.7962e+04
             17    -1.077233320549e+00   6.394947716098e-04   7.8995e+04
             18    -1.051010270665e+00   4.779301757125e-04   8.2925e+04
             19    -1.038461975620e+00   5.354168784848e-04   8.4159e+04
             20    -1.037724764785e+00   5.131698572768e-04   8.0184e+04
             21    -1.033363621826e+00   5.714796916309e-04   8.1645e+04
             22    -1.080444886164e+00   4.986882290239e-04   8.8980e+04
             23    -1.031926784291e+00   5.829105647195e-04   8.4213e+04
             24    -1.084398428197e+00   5.476954122094e-04   8.3537e+04
             25    -1.050469941627e+00   5.057886653564e-04   8.0854e+04
             26    -1.052032248121e+00   7.491122735986e-04   8.0886e+04
             27    -1.066910959231e+00   6.164522369350e-04   8.7396e+04
             28    -1.067735841056e+00   4.862854221815e-04   7.0218e+04
             29    -1.064695739983e+00   6.277566613735e-04   8.4776e+04
             30    -1.046577759419e+00   6.026472662276e-04   8.3913e+04
             31    -1.047726424199e+00   5.303574159504e-04   8.6506e+04
             32    -1.085957156540e+00   7.385428319254e-04   8.6610e+04
             33    -1.048005785083e+00   5.720283237316e-04   8.2180e+04
             34    -1.027219142744e+00   5.956809582123e-04   7.5434e+04
             35    -1.052705169574e+00   6.608121575272e-04   8.1605e+04
             36    -1.048409825904e+00   5.893026074821e-04   8.0402e+04
             37    -1.083691840163e+00   7.130347696930e-04   7.6370e+04
             38    -1.063904168962e+00   6.437836324363e-04   8.2174e+04
             39    -1.055566522770e+00   4.832276181986e-04   7.9664e+04
             40    -1.050321089379e+00   5.730511460241e-04   8.2232e+04
             41    -1.053071031335e+00   7.301351055086e-04   8.5869e+04
             42    -1.043668294348e+00   4.654214570965e-04   8.1498e+04
             43    -1.048651440891e+00   6.529097297613e-04   8.0662e+04
             44    -1.074289283580e+00   5.912478946174e-04   7.9549e+04
             45    -1.058420320571e+00   5.507801428019e-04   8.2815e+04
             46    -1.058748879207e+00   5.481459168753e-04   7.8772e+04
             47    -1.074830139337e+00   5.907366049245e-04   8.4387e+04
             48    -1.040512133917e+00   4.791774164776e-04   7.6502e+04
             49    -1.054712539130e+00   5.206291162420e-04   8.2483e+04
             50    -1.066308654733e+00   5.702175887245e-04   8.1289e+04
             51    -1.022638607148e+00   4.907624905218e-04   7.6197e+04
             52    -1.044034650107e+00   4.614452593825e-04   8.0374e+04
             53    -1.051067135389e+00   5.684081176643e-04   7.8508e+04
             54    -1.020171717535e+00   4.886504890986e-04   8.2579e+04
             55    -1.078696749617e+00   6.293286292239e-04   8.5571e+04
             56    -1.070720841704e+00   5.783296498031e-04   8.0656e+04
             57    -1.032692463438e+00   6.100032802761e-04   7.6823e+04
             58    -1.050155259743e+00   5.586110606421e-04   8.0782e+04
             59    -1.030250690888e+00   4.947170037034e-04   8.2103e+04
             60    -1.082005263680e+00   6.700382796141e-04   7.9808e+04
             61    -1.053217946494e+00   6.305963872564e-04   7.7799e+04
             62    -1.055186360485e+00   5.866160547665e-04   8.0900e+04
             63    -1.075418969367e+00   6.400574151901e-04   8.0912e+04
             64    -1.057852753845e+00   5.990886359654e-04   8.4690e+04
             65    -1.080496554982e+00   6.703036191074e-04   8.5132e+04
             66    -1.087696488759e+00   5.845552013512e-04   8.6045e+04
             67    -1.052228139204e+00   5.214785812690e-04   8.6959e+04
             68    -1.064915115321e+00   6.849406124247e-04   8.6746e+04
             69    -1.060059871254e+00   6.030927719525e-04   8.6648e+04
             70    -1.073158880727e+00   6.035912654644e-04   8.1371e+04
             71    -1.062169400579e+00   6.436519739264e-04   9.0095e+04
             72    -1.063738399779e+00   6.860022734885e-04   8.6171e+04
             73    -1.059932424207e+00   5.200860315113e-04   8.1259e+04
             74    -1.028922183403e+00   5.692493201847e-04   8.0709e+04
             75    -1.090082342035e+00   6.471796651656e-04   8.6716e+04
             76    -1.049681989527e+00   5.742159318537e-04   9.1207e+04
             77    -1.042598697941e+00   4.863954708821e-04   7.9291e+04
             78    -1.079839680248e+00   5.369850273882e-04   8.2214e+04
             79    -1.043830607833e+00   6.132971529271e-04   8.5204e+04
             80    -1.060683295627e+00   6.808429884803e-04   8.6275e+04
             81    -1.058414331739e+00   5.356322480914e-04   8.2921e+04
             82    -1.084798985198e+00   6.517716829483e-04   8.7362e+04
             83    -1.040951539749e+00   6.661060247307e-04   8.4900e+04
             84    -1.070864735972e+00   5.015634637955e-04   8.4825e+04
             85    -1.069827946908e+00   6.710872061542e-04   8.8185e+04
             86    -1.099294490004e+00   6.902105101685e-04   7.9289e+04
             87    -1.040933039291e+00   6.603442510244e-04   8.9476e+04
             88    -1.073451769978e+00   5.561856177405e-04   8.4390e+04
             89    -1.047268943577e+00   4.581559473585e-04   8.0699e+04
             90    -1.068441805807e+00   6.952146173442e-04   9.1445e+04
             91    -1.085750753044e+00   6.901225592676e-04   9.2594e+04
             92    -1.041622291836e+00   5.178050894506e-04   8.7283e+04
             93    -1.057659083699e+00   4.918577514480e-04   8.1206e+04
             94    -1.071305865027e+00   6.290501713099e-04   8.3278e+04
             95    -1.033003932279e+00   6.292486980901e-04   8.4600e+04
             96    -1.078477028742e+00   6.919887741793e-04   9.2290e+04
             97    -1.050764357358e+00   5.194240984795e-04   7.9478e+04
             98    -1.050611091238e+00   4.855893683341e-04   8.2481e+04
             99    -1.062477923274e+00   4.746296270495e-04   8.2017e+04
            100    -1.047635186755e+00   4.254756817906e-04   7.6848e+04
            101    -1.053229225084e+00   5.099569804732e-04   8.2613e+04
            102    -1.037715376762e+00   7.135576721309e-04   8.1375e+04
            103    -1.083767088702e+00   5.274235451007e-04   8.6003e+04
            104    -1.081408096988e+00   5.421365977168e-04   8.2579e+04
            105    -1.052169880831e+00   5.509083768039e-04   8.1557e+04
            106    -1.044701146253e+00   5.668596301545e-04   7.8722e+04
            107    -1.062872723099e+00   5.658750718033e-04   8.2058e+04
            108    -1.058830308789e+00   6.099269999378e-04   8.1550e+04
            109    -1.074542091952e+00   5.212185261512e-04   8.1368e+04
            110    -1.073635544783e+00   6.271595492063e-04   8.2090e+04
            111    -1.075565503295e+00   5.718059076249e-04   8.5631e+04
            112    -1.081467351170e+00   6.155224982851e-04   8.9679e+04
            113    -1.084069777479e+00   7.610202167014e-04   8.9206e+04
            114    -1.066884879367e+00   5.314700611891e-04   8.4006e+04
            115    -1.062574302973e+00   4.711989388157e-04   8.1184e+04
            116    -1.049684224043e+00   6.935958147897e-04   8.6623e+04
            117    -1.059208195129e+00   5.875397259447e-04   7.7540e+04
            118    -1.072100479765e+00   5.190048955658e-04   7.8905e+04
            119    -1.087022998677e+00   6.335473449706e-04   8.7577e+04
            120    -1.040832006196e+00   6.806447460703e-04   8.6609e+04
            121    -1.050396330187e+00   5.369392286737e-04   8.9514e+04
            122    -1.055724044067e+00   5.719663736587e-04   8.7871e+04
            123    -1.070379354226e+00   6.196815500573e-04   8.2120e+04
            124    -1.043947192406e+00   6.220299743295e-04   8.5160e+04
            125    -1.060982814730e+00   5.403878188482e-04   8.4062e+04
            126    -1.019804994231e+00   5.557481214131e-04   8.0170e+04
            127    -1.061451248097e+00   6.395520882264e-04   8.1826e+04
            128    -1.070841701690e+00   8.500305548647e-04   8.2036e+04
            129    -1.034140532454e+00   5.980200600268e-04   8.0859e+04
            130    -1.065651380804e+00   6.683272220922e-04   8.0726e+04
            131    -1.048828798564e+00   5.181263083130e-04   7.8364e+04
            132    -1.074437373528e+00   6.754780772463e-04   8.3091e+04
            133    -1.032979371357e+00   4.902893061250e-04   8.3557e+04
            134    -1.043346466588e+00   5.935902980944e-04   7.6115e+04
            135    -1.065646956412e+00   4.873989392021e-04   8.7430e+04
            136    -1.040722887904e+00   5.591286656284e-04   7.9139e+04
            137    -1.067812365618e+00   5.740141888823e-04   7.8084e+04
            138    -1.061019207137e+00   5.556844530575e-04   8.3246e+04
            139    -1.028533809167e+00   4.451566888382e-04   7.7225e+04
            140    -1.050124794322e+00   4.744630427439e-04   8.7256e+04
            141    -1.054669637377e+00   5.110322859555e-04   7.7338e+04
            142    -1.029662177365e+00   6.189367628775e-04   8.5205e+04
            143    -1.060851978369e+00   5.722758419941e-04   8.7878e+04
            144    -1.065994407984e+00   6.353181523729e-04   8.5608e+04
            145    -1.079103541602e+00   6.095027033559e-04   8.5824e+04
            146    -1.018241796582e+00   4.714484325545e-04   8.2782e+04
            147    -1.053466355946e+00   5.994706456656e-04   8.7920e+04
            148    -1.058792477646e+00   6.479183204287e-04   8.7012e+04
            149    -1.049073623839e+00   7.373434563568e-04   8.6645e+04
            150    -1.035566388355e+00   4.190034946339e-04   8.0384e+04
            151    -1.070984101198e+00   5.992856168090e-04   8.0557e+04
            152    -1.042026010208e+00   5.255342093032e-04   7.1146e+04
            153    -1.058486191292e+00   6.516911617147e-04   8.1749e+04
            154    -1.047025986297e+00   5.776934910657e-04   8.1830e+04
            155    -1.051944034463e+00   4.241554765071e-04   8.9930e+04
            156    -1.076068670124e+00   5.440927566927e-04   8.6399e+04
            157    -1.067337014068e+00   6.443720968752e-04   8.4170e+04
            158    -1.034360794587e+00   4.621050628434e-04   7.9775e+04
            159    -1.082549963105e+00   5.484641915505e-04   8.9438e+04
            160    -1.080250030540e+00   6.948457729737e-04   8.5223e+04
            161    -1.066106287982e+00   6.232890086870e-04   9.1232e+04
            162    -1.047340522806e+00   7.036611419039e-04   8.5450e+04
            163    -1.040341890767e+00   4.614026462611e-04   7.9037e+04
            164    -1.078927209365e+00   6.574121538656e-04   8.7747e+04
            165    -1.073729931198e+00   6.031185296490e-04   8.4741e+04
            166    -1.089316139421e+00   8.093779828671e-04   8.7738e+04
            167    -1.072296362388e+00   5.588256507267e-04   8.3957e+04
            168    -1.043750302546e+00   5.572182094714e-04   8.0662e+04
            169    -1.046737519003e+00   6.822558392849e-04   8.8037e+04
            170    -1.066490138592e+00   5.132439040660e-04   8.3049e+04
            171    -1.064365503838e+00   7.100572082302e-04   8.5040e+04
            172    -1.064732984797e+00   6.430773464481e-04   8.4607e+04
            173    -1.025309107064e+00   4.237436553168e-04   7.8723e+04
            174    -1.057127204855e+00   5.190302720092e-04   8.0332e+04
            175    -1.073989409237e+00   5.908076586069e-04   8.6435e+04
            176    -1.077884673542e+00   7.549798357029e-04   9.0640e+04
            177    -1.048919892514e+00   5.285287004327e-04   8.3140e+04
            178    -1.090705559588e+00   7.127197902143e-04   8.6998e+04
            179    -1.060307141919e+00   7.495700426398e-04   8.4169e+04
            180    -1.044547491044e+00   4.092801427305e-04   7.9676e+04
            181    -1.051062349486e+00   4.907930143687e-04   8.2373e+04
            182    -1.058265195203e+00   5.665234774916e-04   7.8528e+04
            183    -1.033059715641e+00   5.478722020282e-04   7.3718e+04
            184    -1.054293569473e+00   5.740325965688e-04   7.6130e+04
            185    -1.047874870036e+00   6.850603253767e-04   8.3276e+04
            186    -1.046127458124e+00   5.929150629054e-04   7.3475e+04
            187    -1.055421096289e+00   5.382223053008e-04   7.7944e+04
            188    -1.063285902089e+00   4.808092532875e-04   7.7191e+04
            189    -1.047669788004e+00   6.107998492988e-04   7.8891e+04
            190    -1.048973351692e+00   5.438313840441e-04   7.9755e+04
            191    -1.052833721741e+00   6.214167631750e-04   8.1705e+04
            192    -1.074094462906e+00   8.375986593906e-04   9.6254e+04
            193    -1.032540302820e+00   5.509695914742e-04   8.4155e+04
            194    -1.068572032037e+00   5.860575844085e-04   8.8107e+04
            195    -1.051542082842e+00   4.823994134758e-04   8.5423e+04
            196    -1.043170183508e+00   6.123927544644e-04   8.6334e+04
            197    -1.071124396526e+00   7.893019846758e-04   8.5869e+04
            198    -1.058065364829e+00   5.951298400274e-04   9.0857e+04
            199    -1.046567358679e+00   5.110822716029e-04   8.6061e+04
            200    -1.015553606344e+00   3.183771293754e-04   7.2749e+04
            201    -1.050207220872e+00   6.999160687367e-04   8.2966e+04
            202    -1.062262326422e+00   6.405706669329e-04   8.1031e+04
            203    -1.043496960718e+00   5.716142436701e-04   8.6990e+04
            204    -1.025530530772e+00   5.316975602548e-04   8.3991e+04
            205    -1.055105268561e+00   5.951887893417e-04   8.6554e+04
            206    -1.057018829889e+00   5.414390131982e-04   8.4306e+04
            207    -1.069458755150e+00   5.012890512105e-04   8.0658e+04
            208    -1.040309980055e+00   6.071210443337e-04   8.3657e+04
            209    -1.060221645302e+00   6.078293640156e-04   8.2659e+04
            210    -1.080191664542e+00   6.532915546942e-04   8.7295e+04
            211    -1.077590020059e+00   7.800980258138e-04   8.1569e+04
            212    -1.057738811103e+00   5.165480509304e-04   7.4543e+04
            213    -1.082045164056e+00   6.099290227690e-04   8.0462e+04
            214    -1.017362975866e+00   5.025489993055e-04   8.2315e+04
            215    -1.046091274764e+00   6.124564349280e-04   8.5632e+04
            216    -1.058350745160e+00   6.467140373767e-04   8.4619e+04
            217    -1.054128435881e+00   5.571024475059e-04   8.6999e+04
            218    -1.074693154397e+00   5.718788285578e-04   7.9542e+04
            219    -1.056504129976e+00   6.780943399119e-04   8.9507e+04
            220    -1.034329692520e+00   4.860664259550e-04   8.8028e+04
            221    -1.063941977429e+00   6.020832785134e-04   8.2466e+04
            222    -1.040028596367e+00   5.836880348001e-04   8.1285e+04
            223    -1.066042057663e+00   5.671535984652e-04   8.5073e+04
            224    -1.065729406473e+00   5.639479408061e-04   9.3558e+04
            225    -1.072076304921e+00   5.213391804614e-04   8.2837e+04
            226    -1.065911529592e+00   6.884313536009e-04   8.8987e+04
            227    -1.070509670892e+00   5.737855512531e-04   8.0727e+04
            228    -1.082215793389e+00   6.867912764833e-04   8.6178e+04
            229    -1.063909716285e+00   4.806658240948e-04   7.7934e+04
            230    -1.065390659615e+00   6.269688224991e-04   8.6177e+04
            231    -1.056865643856e+00   7.602744408031e-04   9.4530e+04
            232    -1.054132011456e+00   6.153400785697e-04   8.7723e+04
            233    -1.056065550464e+00   5.693092742040e-04   8.6107e+04
            234    -1.046063964492e+00   5.889369526572e-04   8.4034e+04
            235    -1.049896133059e+00   5.093404709099e-04   8.9740e+04
            236    -1.051469008263e+00   5.351599984691e-04   8.0335e+04
            237    -1.052431509318e+00   6.693191915848e-04   8.8677e+04
            238    -1.054799525858e+00   5.208088785553e-04   8.1103e+04
            239    -1.067023117999e+00   5.423017806193e-04   7.9946e+04
            240    -1.042971320160e+00   5.987693068008e-04   8.9642e+04
            241    -1.056428173021e+00   5.558843220455e-04   8.7288e+04
            242    -1.024722879357e+00   4.713027682069e-04   8.7309e+04
            243    -1.051439308858e+00   4.956512745698e-04   8.6721e+04
            244    -1.050070856847e+00   6.484915480134e-04   8.5369e+04
            245    -1.051524466120e+00   5.601044470670e-04   8.4415e+04
            246    -1.053093013530e+00   6.604972775793e-04   8.1988e+04
            247    -1.067596404869e+00   7.390689694588e-04   9.3999e+04
            248    -1.074532460850e+00   6.568704301261e-04   8.7970e+04
            249    -1.016456822549e+00   5.127289522546e-04   8.6330e+04
            250    -1.052928047559e+00   6.531822449172e-04   8.8603e+04
            251    -1.062441879105e+00   6.371397588537e-04   8.4518e+04
            252    -1.063884596909e+00   6.186807590725e-04   8.3976e+04
            253    -1.069576396584e+00   7.403045393117e-04   9.1296e+04
            254    -1.054600868081e+00   5.565724633228e-04   8.3023e+04
            255    -1.053976776752e+00   4.579527714467e-04   7.6719e+04
            256    -1.043627057286e+00   6.817924286756e-04   8.5307e+04
            257    -1.029510945574e+00   5.348812277755e-04   7.6709e+04
            258    -1.076302740192e+00   5.654701914889e-04   9.3400e+04
            259    -1.037673882989e+00   5.391213245755e-04   8.6679e+04
            260    -1.063658101871e+00   5.900413961170e-04   8.5850e+04
            261    -1.073767193632e+00   6.572980636411e-04   8.5858e+04
            262    -1.077519212298e+00   5.820364160106e-04   8.7365e+04
            263    -1.055934315840e+00   5.321242829708e-04   8.1463e+04
            264    -1.049764216822e+00   5.821186517466e-04   8.4419e+04
            265    -1.076506594272e+00   6.579649398901e-04   8.2399e+04
            266    -1.097751152062e+00   8.871460450064e-04   9.5197e+04
            267    -1.072665514859e+00   5.037724686553e-04   8.6490e+04
            268    -1.057938463704e+00   6.146119285779e-04   8.6554e+04
            269    -1.030649844004e+00   5.690958187557e-04   8.3528e+04
            270    -1.063841390123e+00   6.154226642407e-04   8.7987e+04
            271    -1.088802493825e+00   6.162685801631e-04   8.9358e+04
            272    -1.054178511569e+00   5.747213192863e-04   8.4511e+04
            273    -1.037110530598e+00   6.039396891946e-04   7.9967e+04
            274    -1.061744456576e+00   5.280602944041e-04   7.5345e+04
            275    -1.056193902141e+00   5.618692428839e-04   8.5496e+04
            276    -1.061130886415e+00   6.440153434777e-04   8.5188e+04
            277    -1.057461689520e+00   6.461244563021e-04   8.8223e+04
            278    -1.068831905881e+00   6.986688049243e-04   8.7168e+04
            279    -1.063034493610e+00   5.701272211431e-04   8.3508e+04
            280    -1.039844217884e+00   6.570658137259e-04   8.7856e+04
            281    -1.062500677978e+00   5.322973984858e-04   8.7611e+04
            282    -1.039768712403e+00   4.937161027807e-04   7.9685e+04
            283    -1.047585166452e+00   5.109255859985e-04   8.3654e+04
            284    -1.085433409862e+00   6.687883108158e-04   8.1986e+04
            285    -1.063672600597e+00   5.767735310803e-04   8.8475e+04
            286    -1.095528788592e+00   6.167514272089e-04   8.6688e+04
            287    -1.032184246169e+00   4.520038403322e-04   8.4138e+04
            288    -1.067144450503e+00   7.656780755340e-04   8.1105e+04
            289    -1.078611052845e+00   7.283125083594e-04   8.4247e+04
            290    -1.066407667047e+00   7.376619707836e-04   8.5448e+04
            291    -1.024129512601e+00   5.001577424788e-04   8.2858e+04
            292    -1.062048269304e+00   5.291280541517e-04   9.0280e+04
            293    -1.032660322413e+00   5.905877390905e-04   8.2152e+04
            294    -1.077687823908e+00   6.075131087418e-04   8.4041e+04
            295    -1.069239756198e+00   6.809340846301e-04   8.4337e+04
            296    -1.061631630824e+00   5.972057190145e-04   7.9259e+04
            297    -1.054893274393e+00   6.173570036873e-04   8.2527e+04
            298    -1.057107836601e+00   7.595975810419e-04   7.9061e+04
            299    -1.051312217518e+00   6.131468708458e-04   9.0042e+04
            300    -1.097727569909e+00   9.302722810104e-04   9.0625e+04
            301    -1.074581350881e+00   6.762623595813e-04   8.1206e+04
            302    -1.057594375274e+00   7.823037475558e-04   8.6502e+04
            303    -1.090727505636e+00   8.516396148741e-04   8.8898e+04
            304    -1.048228674254e+00   6.160668761579e-04   8.8376e+04
            305    -1.052514013810e+00   6.694031626458e-04   8.1628e+04
            306    -1.038000555459e+00   4.539233700930e-04   7.7429e+04
            307    -1.052856794470e+00   5.892807067373e-04   8.1146e+04
            308    -1.062841121406e+00   5.956497163812e-04   8.0793e+04
            309    -1.042449512392e+00   5.343609546058e-04   8.4378e+04
            310    -1.059229811545e+00   4.836253502586e-04   8.3170e+04
            311    -1.098531560107e+00   6.774075311757e-04   8.0489e+04
            312    -1.028786408895e+00   6.514180198713e-04   7.7297e+04
            313    -1.077220194512e+00   5.982760494441e-04   8.7569e+04
            314    -1.048934231065e+00   6.210037850039e-04   8.2401e+04
            315    -1.085576870557e+00   5.659832542538e-04   7.7960e+04
            316    -1.042289457977e+00   5.811556087194e-04   7.8492e+04
            317    -1.060998428921e+00   5.818864534211e-04   8.3568e+04
            318    -1.060502567973e+00   6.012689817963e-04   8.6476e+04
            319    -1.014553372904e+00   5.547279104322e-04   8.6047e+04
