       0.9329135778  2 2 2 2 2   2 2 0 0 0   0 0 0 0 0   0 0 0 0 0   0 0 0 0 0   0 0 0 
      -0.1585604943  2 2 2 2 2   0 2 2 0 0   0 0 0 0 0   0 0 0 0 0   0 0 0 0 0   0 0 0 
      -0.1585604943  2 2 2 2 2   2 0 0 2 0   0 0 0 0 0   0 0 0 0 0   0 0 0 0 0   0 0 0 
       0.0917182500  2 2 2 2 2   a b b a 0   0 0 0 0 0   0 0 0 0 0   0 0 0 0 0   0 0 0 
       0.0917182500  2 2 2 2 2   b a a b 0   0 0 0 0 0   0 0 0 0 0   0 0 0 0 0   0 0 0 
       0.0589076008  2 2 2 2 2   0 0 2 2 0   0 0 0 0 0   0 0 0 0 0   0 0 0 0 0   0 0 0 
      -0.0512418974  2 2 2 0 2   2 2 2 0 0   0 0 0 0 0   0 0 0 0 0   0 0 0 0 0   0 0 0 
      -0.0512418974  2 2 2 0 2   2 2 0 2 0   0 0 0 0 0   0 0 0 0 0   0 0 0 0 0   0 0 0 
      -0.0482413787  2 2 2 2 0   2 2 0 0 2   0 0 0 0 0   0 0 0 0 0   0 0 0 0 0   0 0 0 
      -0.0469808192  2 2 2 2 2   b b a a 0   0 0 0 0 0   0 0 0 0 0   0 0 0 0 0   0 0 0 
      -0.0469808192  2 2 2 2 2   a a b b 0   0 0 0 0 0   0 0 0 0 0   0 0 0 0 0   0 0 0 
       0.0465369081  2 2 2 2 b   a 2 b 0 a   0 0 0 0 0   0 0 0 0 0   0 0 0 0 0   0 0 0 
      -0.0465369081  2 2 2 2 b   2 a 0 b a   0 0 0 0 0   0 0 0 0 0   0 0 0 0 0   0 0 0 
       0.0465369081  2 2 2 2 a   b 2 a 0 b   0 0 0 0 0   0 0 0 0 0   0 0 0 0 0   0 0 0 
      -0.0465369081  2 2 2 2 a   2 b 0 a b   0 0 0 0 0   0 0 0 0 0   0 0 0 0 0   0 0 0 
       0.0447374285  2 2 2 2 2   b a b a 0   0 0 0 0 0   0 0 0 0 0   0 0 0 0 0   0 0 0 
       0.0447374285  2 2 2 2 2   a b a b 0   0 0 0 0 0   0 0 0 0 0   0 0 0 0 0   0 0 0 
       0.0378781078  2 2 2 2 b   b 2 a 0 a   0 0 0 0 0   0 0 0 0 0   0 0 0 0 0   0 0 0 
      -0.0378781078  2 2 2 2 b   2 b 0 a a   0 0 0 0 0   0 0 0 0 0   0 0 0 0 0   0 0 0 
       0.0378781078  2 2 2 2 a   a 2 b 0 b   0 0 0 0 0   0 0 0 0 0   0 0 0 0 0   0 0 0 
      -0.0378781078  2 2 2 2 a   2 a 0 b b   0 0 0 0 0   0 0 0 0 0   0 0 0 0 0   0 0 0 
       0.0329921896  2 2 b 2 2   a 2 b 0 a   0 0 0 0 0   0 0 0 0 0   0 0 0 0 0   0 0 0 
      -0.0329921896  2 2 b 2 2   2 a 0 b a   0 0 0 0 0   0 0 0 0 0   0 0 0 0 0   0 0 0 
       0.0329921896  2 2 a 2 2   b 2 a 0 b   0 0 0 0 0   0 0 0 0 0   0 0 0 0 0   0 0 0 
      -0.0329921896  2 2 a 2 2   2 b 0 a b   0 0 0 0 0   0 0 0 0 0   0 0 0 0 0   0 0 0 
      -0.0328772512  2 2 0 2 2   2 2 0 0 2   0 0 0 0 0   0 0 0 0 0   0 0 0 0 0   0 0 0 
      -0.0310894681  2 2 2 2 2   b a 2 0 0   0 0 0 0 0   0 0 0 0 0   0 0 0 0 0   0 0 0 
      -0.0310894681  2 2 2 2 2   a b 2 0 0   0 0 0 0 0   0 0 0 0 0   0 0 0 0 0   0 0 0 
       0.0310894681  2 2 2 2 2   2 0 b a 0   0 0 0 0 0   0 0 0 0 0   0 0 0 0 0   0 0 0 
      -0.0310894681  2 2 2 2 2   0 2 b a 0   0 0 0 0 0   0 0 0 0 0   0 0 0 0 0   0 0 0 
       0.0310894681  2 2 2 2 2   2 0 a b 0   0 0 0 0 0   0 0 0 0 0   0 0 0 0 0   0 0 0 
      -0.0310894681  2 2 2 2 2   0 2 a b 0   0 0 0 0 0   0 0 0 0 0   0 0 0 0 0   0 0 0 
       0.0310894681  2 2 2 2 2   b a 0 2 0   0 0 0 0 0   0 0 0 0 0   0 0 0 0 0   0 0 0 
       0.0310894681  2 2 2 2 2   a b 0 2 0   0 0 0 0 0   0 0 0 0 0   0 0 0 0 0   0 0 0 
      -0.0267949655  2 2 b 2 a   2 2 0 0 2   0 0 0 0 0   0 0 0 0 0   0 0 0 0 0   0 0 0 
      -0.0267949655  2 2 a 2 b   2 2 0 0 2   0 0 0 0 0   0 0 0 0 0   0 0 0 0 0   0 0 0 
       0.0234146903  2 2 a 2 2   b 2 b 0 a   0 0 0 0 0   0 0 0 0 0   0 0 0 0 0   0 0 0 
      -0.0234146903  2 2 a 2 2   2 b 0 b a   0 0 0 0 0   0 0 0 0 0   0 0 0 0 0   0 0 0 
       0.0234146903  2 2 b 2 2   a 2 a 0 b   0 0 0 0 0   0 0 0 0 0   0 0 0 0 0   0 0 0 
      -0.0234146903  2 2 b 2 2   2 a 0 a b   0 0 0 0 0   0 0 0 0 0   0 0 0 0 0   0 0 0 
      -0.0221048180  2 2 2 2 2   2 0 2 0 0   0 0 0 0 0   0 0 0 0 0   0 0 0 0 0   0 0 0 
      -0.0221048180  2 2 2 2 2   0 2 0 2 0   0 0 0 0 0   0 0 0 0 0   0 0 0 0 0   0 0 0 
      -0.0208267763  2 2 2 2 0   2 2 2 0 0   0 0 0 0 0   0 0 0 0 0   0 0 0 0 0   0 0 0 
      -0.0208267763  2 2 2 2 0   2 2 0 2 0   0 0 0 0 0   0 0 0 0 0   0 0 0 0 0   0 0 0 
      -0.0193500875  2 2 2 2 b   0 a 2 b a   0 0 0 0 0   0 0 0 0 0   0 0 0 0 0   0 0 0 
       0.0193500875  2 2 2 2 b   a 0 b 2 a   0 0 0 0 0   0 0 0 0 0   0 0 0 0 0   0 0 0 
      -0.0193500875  2 2 2 2 a   0 b 2 a b   0 0 0 0 0   0 0 0 0 0   0 0 0 0 0   0 0 0 
       0.0193500875  2 2 2 2 a   b 0 a 2 b   0 0 0 0 0   0 0 0 0 0   0 0 0 0 0   0 0 0 
      -0.0169160812  2 2 2 0 2   2 2 0 0 2   0 0 0 0 0   0 0 0 0 0   0 0 0 0 0   0 0 0 
      -0.0168518613  2 2 2 2 b   0 b 2 a a   0 0 0 0 0   0 0 0 0 0   0 0 0 0 0   0 0 0 
       0.0168518613  2 2 2 2 b   b 0 a 2 a   0 0 0 0 0   0 0 0 0 0   0 0 0 0 0   0 0 0 
      -0.0168518613  2 2 2 2 a   0 a 2 b b   0 0 0 0 0   0 0 0 0 0   0 0 0 0 0   0 0 0 
       0.0168518613  2 2 2 2 a   a 0 b 2 b   0 0 0 0 0   0 0 0 0 0   0 0 0 0 0   0 0 0 
      -0.0151430930  2 2 0 2 2   2 2 2 0 0   0 0 0 0 0   0 0 0 0 0   0 0 0 0 0   0 0 0 
      -0.0151430930  2 2 0 2 2   2 2 0 2 0   0 0 0 0 0   0 0 0 0 0   0 0 0 0 0   0 0 0 
       0.0150470478  2 2 2 2 0   0 2 2 0 2   0 0 0 0 0   0 0 0 0 0   0 0 0 0 0   0 0 0 
       0.0150470478  2 2 2 2 0   2 0 0 2 2   0 0 0 0 0   0 0 0 0 0   0 0 0 0 0   0 0 0 
      -0.0136982593  2 2 2 2 2   2 0 0 0 2   0 0 0 0 0   0 0 0 0 0   0 0 0 0 0   0 0 0 
      -0.0136982593  2 2 2 2 2   0 2 0 0 2   0 0 0 0 0   0 0 0 0 0   0 0 0 0 0   0 0 0 
       0.0131507724  2 2 2 b 2   2 2 0 0 a   0 0 0 0 0   0 0 0 0 0   0 0 0 0 0   0 0 0 
       0.0131507724  2 2 2 a 2   2 2 0 0 b   0 0 0 0 0   0 0 0 0 0   0 0 0 0 0   0 0 0 
      -0.0118400322  2 2 b 2 2   0 a 2 b a   0 0 0 0 0   0 0 0 0 0   0 0 0 0 0   0 0 0 
       0.0118400322  2 2 b 2 2   a 0 b 2 a   0 0 0 0 0   0 0 0 0 0   0 0 0 0 0   0 0 0 
      -0.0118400322  2 2 a 2 2   0 b 2 a b   0 0 0 0 0   0 0 0 0 0   0 0 0 0 0   0 0 0 
       0.0118400322  2 2 a 2 2   b 0 a 2 b   0 0 0 0 0   0 0 0 0 0   0 0 0 0 0   0 0 0 
      -0.0111426148  2 2 2 2 0   0 0 2 2 2   0 0 0 0 0   0 0 0 0 0   0 0 0 0 0   0 0 0 
       0.0101030464  2 2 2 2 b   2 a b 0 a   0 0 0 0 0   0 0 0 0 0   0 0 0 0 0   0 0 0 
       0.0101030464  2 2 2 2 b   a 2 0 b a   0 0 0 0 0   0 0 0 0 0   0 0 0 0 0   0 0 0 
       0.0101030464  2 2 2 2 a   2 b a 0 b   0 0 0 0 0   0 0 0 0 0   0 0 0 0 0   0 0 0 
       0.0101030464  2 2 2 2 a   b 2 0 a b   0 0 0 0 0   0 0 0 0 0   0 0 0 0 0   0 0 0 
      -0.0100200600  2 2 2 2 0   a b b a 2   0 0 0 0 0   0 0 0 0 0   0 0 0 0 0   0 0 0 
      -0.0100200600  2 2 2 2 0   b a a b 2   0 0 0 0 0   0 0 0 0 0   0 0 0 0 0   0 0 0 
       0.0095774988  2 2 b 2 2   b 2 a 0 a   0 0 0 0 0   0 0 0 0 0   0 0 0 0 0   0 0 0 
      -0.0095774988  2 2 b 2 2   2 b 0 a a   0 0 0 0 0   0 0 0 0 0   0 0 0 0 0   0 0 0 
       0.0095774988  2 2 a 2 2   a 2 b 0 b   0 0 0 0 0   0 0 0 0 0   0 0 0 0 0   0 0 0 
      -0.0095774988  2 2 a 2 2   2 a 0 b b   0 0 0 0 0   0 0 0 0 0   0 0 0 0 0   0 0 0 
       0.0086587999  2 2 2 2 a   b 2 b 0 a   0 0 0 0 0   0 0 0 0 0   0 0 0 0 0   0 0 0 
      -0.0086587999  2 2 2 2 a   2 b 0 b a   0 0 0 0 0   0 0 0 0 0   0 0 0 0 0   0 0 0 
       0.0086587999  2 2 2 2 b   a 2 a 0 b   0 0 0 0 0   0 0 0 0 0   0 0 0 0 0   0 0 0 
      -0.0086587999  2 2 2 2 b   2 a 0 a b   0 0 0 0 0   0 0 0 0 0   0 0 0 0 0   0 0 0 
       0.0082754842  2 2 b 2 a   0 2 2 0 2   0 0 0 0 0   0 0 0 0 0   0 0 0 0 0   0 0 0 
       0.0082754842  2 2 a 2 b   0 2 2 0 2   0 0 0 0 0   0 0 0 0 0   0 0 0 0 0   0 0 0 
       0.0082754842  2 2 b 2 a   2 0 0 2 2   0 0 0 0 0   0 0 0 0 0   0 0 0 0 0   0 0 0 
       0.0082754842  2 2 a 2 b   2 0 0 2 2   0 0 0 0 0   0 0 0 0 0   0 0 0 0 0   0 0 0 
       0.0082700374  2 2 2 0 2   2 0 2 2 0   0 0 0 0 0   0 0 0 0 0   0 0 0 0 0   0 0 0 
       0.0082700374  2 2 2 0 2   0 2 2 2 0   0 0 0 0 0   0 0 0 0 0   0 0 0 0 0   0 0 0 
       0.0082232427  2 2 2 2 b   2 b a 0 a   0 0 0 0 0   0 0 0 0 0   0 0 0 0 0   0 0 0 
       0.0082232427  2 2 2 2 b   b 2 0 a a   0 0 0 0 0   0 0 0 0 0   0 0 0 0 0   0 0 0 
       0.0082232427  2 2 2 2 a   2 a b 0 b   0 0 0 0 0   0 0 0 0 0   0 0 0 0 0   0 0 0 
       0.0082232427  2 2 2 2 a   a 2 0 b b   0 0 0 0 0   0 0 0 0 0   0 0 0 0 0   0 0 0 
       0.0080836524  2 2 0 2 2   0 2 2 0 2   0 0 0 0 0   0 0 0 0 0   0 0 0 0 0   0 0 0 
       0.0080836524  2 2 0 2 2   2 0 0 2 2   0 0 0 0 0   0 0 0 0 0   0 0 0 0 0   0 0 0 
       0.0079932113  2 2 b 2 a   2 2 2 0 0   0 0 0 0 0   0 0 0 0 0   0 0 0 0 0   0 0 0 
       0.0079932113  2 2 a 2 b   2 2 2 0 0   0 0 0 0 0   0 0 0 0 0   0 0 0 0 0   0 0 0 
       0.0079932113  2 2 b 2 a   2 2 0 2 0   0 0 0 0 0   0 0 0 0 0   0 0 0 0 0   0 0 0 
       0.0079932113  2 2 a 2 b   2 2 0 2 0   0 0 0 0 0   0 0 0 0 0   0 0 0 0 0   0 0 0 
       0.0071625185  2 2 b 2 2   2 a b 0 a   0 0 0 0 0   0 0 0 0 0   0 0 0 0 0   0 0 0 
       0.0071625185  2 2 b 2 2   a 2 0 b a   0 0 0 0 0   0 0 0 0 0   0 0 0 0 0   0 0 0 
       0.0071625185  2 2 a 2 2   2 b a 0 b   0 0 0 0 0   0 0 0 0 0   0 0 0 0 0   0 0 0 
       0.0071625185  2 2 a 2 2   b 2 0 a b   0 0 0 0 0   0 0 0 0 0   0 0 0 0 0   0 0 0 
       0.0069655343  2 2 2 2 0   b b a a 2   0 0 0 0 0   0 0 0 0 0   0 0 0 0 0   0 0 0 
       0.0069655343  2 2 2 2 0   a a b b 2   0 0 0 0 0   0 0 0 0 0   0 0 0 0 0   0 0 0 
      -0.0062588436  2 2 2 b a   2 b 2 a 0   0 0 0 0 0   0 0 0 0 0   0 0 0 0 0   0 0 0 
      -0.0062588436  2 2 2 a b   2 a 2 b 0   0 0 0 0 0   0 0 0 0 0   0 0 0 0 0   0 0 0 
      -0.0062588436  2 2 2 b a   b 2 a 2 0   0 0 0 0 0   0 0 0 0 0   0 0 0 0 0   0 0 0 
      -0.0062588436  2 2 2 a b   a 2 b 2 0   0 0 0 0 0   0 0 0 0 0   0 0 0 0 0   0 0 0 
      -0.0062271625  2 2 b 2 a   0 0 2 2 2   0 0 0 0 0   0 0 0 0 0   0 0 0 0 0   0 0 0 
      -0.0062271625  2 2 a 2 b   0 0 2 2 2   0 0 0 0 0   0 0 0 0 0   0 0 0 0 0   0 0 0 
      -0.0059485795  2 2 b 2 2   0 b 2 a a   0 0 0 0 0   0 0 0 0 0   0 0 0 0 0   0 0 0 
       0.0059485795  2 2 b 2 2   b 0 a 2 a   0 0 0 0 0   0 0 0 0 0   0 0 0 0 0   0 0 0 
      -0.0059485795  2 2 a 2 2   0 a 2 b b   0 0 0 0 0   0 0 0 0 0   0 0 0 0 0   0 0 0 
       0.0059485795  2 2 a 2 2   a 0 b 2 b   0 0 0 0 0   0 0 0 0 0   0 0 0 0 0   0 0 0 
      -0.0058914524  2 2 a 2 2   0 b 2 b a   0 0 0 0 0   0 0 0 0 0   0 0 0 0 0   0 0 0 
       0.0058914524  2 2 a 2 2   b 0 b 2 a   0 0 0 0 0   0 0 0 0 0   0 0 0 0 0   0 0 0 
      -0.0058914524  2 2 b 2 2   0 a 2 a b   0 0 0 0 0   0 0 0 0 0   0 0 0 0 0   0 0 0 
       0.0058914524  2 2 b 2 2   a 0 a 2 b   0 0 0 0 0   0 0 0 0 0   0 0 0 0 0   0 0 0 
      -0.0058724531  2 2 2 a b   2 b 2 a 0   0 0 0 0 0   0 0 0 0 0   0 0 0 0 0   0 0 0 
      -0.0058724531  2 2 2 b a   2 a 2 b 0   0 0 0 0 0   0 0 0 0 0   0 0 0 0 0   0 0 0 
      -0.0058724531  2 2 2 a b   b 2 a 2 0   0 0 0 0 0   0 0 0 0 0   0 0 0 0 0   0 0 0 
      -0.0058724531  2 2 2 b a   a 2 b 2 0   0 0 0 0 0   0 0 0 0 0   0 0 0 0 0   0 0 0 
      -0.0056439437  2 2 b 2 a   a b b a 2   0 0 0 0 0   0 0 0 0 0   0 0 0 0 0   0 0 0 
      -0.0056439437  2 2 a 2 b   a b b a 2   0 0 0 0 0   0 0 0 0 0   0 0 0 0 0   0 0 0 
      -0.0056439437  2 2 b 2 a   b a a b 2   0 0 0 0 0   0 0 0 0 0   0 0 0 0 0   0 0 0 
      -0.0056439437  2 2 a 2 b   b a a b 2   0 0 0 0 0   0 0 0 0 0   0 0 0 0 0   0 0 0 
       0.0053815470  2 2 a b 2   2 b 2 a 0   0 0 0 0 0   0 0 0 0 0   0 0 0 0 0   0 0 0 
       0.0053815470  2 2 b a 2   2 a 2 b 0   0 0 0 0 0   0 0 0 0 0   0 0 0 0 0   0 0 0 
       0.0053815470  2 2 a b 2   b 2 a 2 0   0 0 0 0 0   0 0 0 0 0   0 0 0 0 0   0 0 0 
       0.0053815470  2 2 b a 2   a 2 b 2 0   0 0 0 0 0   0 0 0 0 0   0 0 0 0 0   0 0 0 
       0.0050832676  2 2 a 2 2   2 b b 0 a   0 0 0 0 0   0 0 0 0 0   0 0 0 0 0   0 0 0 
       0.0050832676  2 2 a 2 2   b 2 0 b a   0 0 0 0 0   0 0 0 0 0   0 0 0 0 0   0 0 0 
       0.0050832676  2 2 b 2 2   2 a a 0 b   0 0 0 0 0   0 0 0 0 0   0 0 0 0 0   0 0 0 
       0.0050832676  2 2 b 2 2   a 2 0 a b   0 0 0 0 0   0 0 0 0 0   0 0 0 0 0   0 0 0 
       0.0049965719  2 2 a 2 b   b b a a 2   0 0 0 0 0   0 0 0 0 0   0 0 0 0 0   0 0 0 
       0.0049965719  2 2 b 2 a   a a b b 2   0 0 0 0 0   0 0 0 0 0   0 0 0 0 0   0 0 0 
      -0.0047049593  2 2 0 2 2   a b b a 2   0 0 0 0 0   0 0 0 0 0   0 0 0 0 0   0 0 0 
      -0.0047049593  2 2 0 2 2   b a a b 2   0 0 0 0 0   0 0 0 0 0   0 0 0 0 0   0 0 0 
       0.0045522739  2 2 b a 2   2 b 2 a 0   0 0 0 0 0   0 0 0 0 0   0 0 0 0 0   0 0 0 
       0.0045522739  2 2 a b 2   2 a 2 b 0   0 0 0 0 0   0 0 0 0 0   0 0 0 0 0   0 0 0 
       0.0045522739  2 2 b a 2   b 2 a 2 0   0 0 0 0 0   0 0 0 0 0   0 0 0 0 0   0 0 0 
       0.0045522739  2 2 a b 2   a 2 b 2 0   0 0 0 0 0   0 0 0 0 0   0 0 0 0 0   0 0 0 
      -0.0045039941  2 2 2 b 0   2 2 2 0 a   0 0 0 0 0   0 0 0 0 0   0 0 0 0 0   0 0 0 
      -0.0045039941  2 2 2 b 0   2 2 0 2 a   0 0 0 0 0   0 0 0 0 0   0 0 0 0 0   0 0 0 
      -0.0045039941  2 2 2 a 0   2 2 2 0 b   0 0 0 0 0   0 0 0 0 0   0 0 0 0 0   0 0 0 
      -0.0045039941  2 2 2 a 0   2 2 0 2 b   0 0 0 0 0   0 0 0 0 0   0 0 0 0 0   0 0 0 
       0.0043792104  2 2 b a b   2 2 2 0 a   0 0 0 0 0   0 0 0 0 0   0 0 0 0 0   0 0 0 
       0.0043792104  2 2 b a b   2 2 0 2 a   0 0 0 0 0   0 0 0 0 0   0 0 0 0 0   0 0 0 
       0.0043792104  2 2 a b a   2 2 2 0 b   0 0 0 0 0   0 0 0 0 0   0 0 0 0 0   0 0 0 
       0.0043792104  2 2 a b a   2 2 0 2 b   0 0 0 0 0   0 0 0 0 0   0 0 0 0 0   0 0 0 
      -0.0043555338  2 2 0 2 2   0 0 2 2 2   0 0 0 0 0   0 0 0 0 0   0 0 0 0 0   0 0 0 
      -0.0042008549  2 2 2 2 b   a 0 2 b a   0 0 0 0 0   0 0 0 0 0   0 0 0 0 0   0 0 0 
      -0.0042008549  2 2 2 2 b   0 a b 2 a   0 0 0 0 0   0 0 0 0 0   0 0 0 0 0   0 0 0 
      -0.0042008549  2 2 2 2 a   b 0 2 a b   0 0 0 0 0   0 0 0 0 0   0 0 0 0 0   0 0 0 
      -0.0042008549  2 2 2 2 a   0 b a 2 b   0 0 0 0 0   0 0 0 0 0   0 0 0 0 0   0 0 0 
       0.0037162677  2 2 2 0 0   2 2 2 2 0   0 0 0 0 0   0 0 0 0 0   0 0 0 0 0   0 0 0 
      -0.0036584963  2 2 2 2 b   b 0 2 a a   0 0 0 0 0   0 0 0 0 0   0 0 0 0 0   0 0 0 
      -0.0036584963  2 2 2 2 b   0 b a 2 a   0 0 0 0 0   0 0 0 0 0   0 0 0 0 0   0 0 0 
      -0.0036584963  2 2 2 2 a   a 0 2 b b   0 0 0 0 0   0 0 0 0 0   0 0 0 0 0   0 0 0 
      -0.0036584963  2 2 2 2 a   0 a b 2 b   0 0 0 0 0   0 0 0 0 0   0 0 0 0 0   0 0 0 
       0.0033745938  2 2 2 0 2   0 2 2 0 2   0 0 0 0 0   0 0 0 0 0   0 0 0 0 0   0 0 0 
       0.0033745938  2 2 2 0 2   2 0 0 2 2   0 0 0 0 0   0 0 0 0 0   0 0 0 0 0   0 0 0 
       0.0031818188  2 2 a b b   2 2 2 0 a   0 0 0 0 0   0 0 0 0 0   0 0 0 0 0   0 0 0 
       0.0031818188  2 2 a b b   2 2 0 2 a   0 0 0 0 0   0 0 0 0 0   0 0 0 0 0   0 0 0 
       0.0031818188  2 2 b a a   2 2 2 0 b   0 0 0 0 0   0 0 0 0 0   0 0 0 0 0   0 0 0 
       0.0031818188  2 2 b a a   2 2 0 2 b   0 0 0 0 0   0 0 0 0 0   0 0 0 0 0   0 0 0 
      -0.0030545254  2 2 2 2 0   b a b a 2   0 0 0 0 0   0 0 0 0 0   0 0 0 0 0   0 0 0 
      -0.0030545254  2 2 2 2 0   a b a b 2   0 0 0 0 0   0 0 0 0 0   0 0 0 0 0   0 0 0 
       0.0030519566  2 2 2 0 0   2 2 2 0 2   0 0 0 0 0   0 0 0 0 0   0 0 0 0 0   0 0 0 
       0.0030519566  2 2 2 0 0   2 2 0 2 2   0 0 0 0 0   0 0 0 0 0   0 0 0 0 0   0 0 0 
       0.0029788569  2 2 2 2 0   b a 2 0 2   0 0 0 0 0   0 0 0 0 0   0 0 0 0 0   0 0 0 
       0.0029788569  2 2 2 2 0   a b 2 0 2   0 0 0 0 0   0 0 0 0 0   0 0 0 0 0   0 0 0 
      -0.0029788569  2 2 2 2 0   2 0 b a 2   0 0 0 0 0   0 0 0 0 0   0 0 0 0 0   0 0 0 
       0.0029788569  2 2 2 2 0   0 2 b a 2   0 0 0 0 0   0 0 0 0 0   0 0 0 0 0   0 0 0 
      -0.0029788569  2 2 2 2 0   2 0 a b 2   0 0 0 0 0   0 0 0 0 0   0 0 0 0 0   0 0 0 
       0.0029788569  2 2 2 2 0   0 2 a b 2   0 0 0 0 0   0 0 0 0 0   0 0 0 0 0   0 0 0 
      -0.0029788569  2 2 2 2 0   b a 0 2 2   0 0 0 0 0   0 0 0 0 0   0 0 0 0 0   0 0 0 
      -0.0029788569  2 2 2 2 0   a b 0 2 2   0 0 0 0 0   0 0 0 0 0   0 0 0 0 0   0 0 0 
       0.0029609383  2 2 2 2 2   0 0 2 0 2   0 0 0 0 0   0 0 0 0 0   0 0 0 0 0   0 0 0 
       0.0029609383  2 2 2 2 2   0 0 0 2 2   0 0 0 0 0   0 0 0 0 0   0 0 0 0 0   0 0 0 
       0.0027721013  2 2 2 2 0   2 0 2 2 0   0 0 0 0 0   0 0 0 0 0   0 0 0 0 0   0 0 0 
       0.0027721013  2 2 2 2 0   0 2 2 2 0   0 0 0 0 0   0 0 0 0 0   0 0 0 0 0   0 0 0 
       0.0026948619  2 2 b 2 a   b b a a 2   0 0 0 0 0   0 0 0 0 0   0 0 0 0 0   0 0 0 
       0.0026948619  2 2 a 2 b   a a b b 2   0 0 0 0 0   0 0 0 0 0   0 0 0 0 0   0 0 0 
       0.0026715867  2 2 0 0 2   2 2 2 2 0   0 0 0 0 0   0 0 0 0 0   0 0 0 0 0   0 0 0 
      -0.0025704408  2 2 b 2 2   a 0 2 b a   0 0 0 0 0   0 0 0 0 0   0 0 0 0 0   0 0 0 
      -0.0025704408  2 2 b 2 2   0 a b 2 a   0 0 0 0 0   0 0 0 0 0   0 0 0 0 0   0 0 0 
      -0.0025704408  2 2 a 2 2   b 0 2 a b   0 0 0 0 0   0 0 0 0 0   0 0 0 0 0   0 0 0 
      -0.0025704408  2 2 a 2 2   0 b a 2 b   0 0 0 0 0   0 0 0 0 0   0 0 0 0 0   0 0 0 
      -0.0024982258  2 2 2 2 a   0 b 2 b a   0 0 0 0 0   0 0 0 0 0   0 0 0 0 0   0 0 0 
       0.0024982258  2 2 2 2 a   b 0 b 2 a   0 0 0 0 0   0 0 0 0 0   0 0 0 0 0   0 0 0 
      -0.0024982258  2 2 2 2 b   0 a 2 a b   0 0 0 0 0   0 0 0 0 0   0 0 0 0 0   0 0 0 
       0.0024982258  2 2 2 2 b   a 0 a 2 b   0 0 0 0 0   0 0 0 0 0   0 0 0 0 0   0 0 0 
       0.0024849584  2 2 0 2 2   b b a a 2   0 0 0 0 0   0 0 0 0 0   0 0 0 0 0   0 0 0 
       0.0024849584  2 2 0 2 2   a a b b 2   0 0 0 0 0   0 0 0 0 0   0 0 0 0 0   0 0 0 
      -0.0022200007  2 2 0 2 2   b a b a 2   0 0 0 0 0   0 0 0 0 0   0 0 0 0 0   0 0 0 
      -0.0022200007  2 2 0 2 2   a b a b 2   0 0 0 0 0   0 0 0 0 0   0 0 0 0 0   0 0 0 
       0.0022190518  2 2 0 0 2   2 2 2 0 2   0 0 0 0 0   0 0 0 0 0   0 0 0 0 0   0 0 0 
       0.0022190518  2 2 0 0 2   2 2 0 2 2   0 0 0 0 0   0 0 0 0 0   0 0 0 0 0   0 0 0 
       0.0020792509  2 2 b 2 2   2 b a 0 a   0 0 0 0 0   0 0 0 0 0   0 0 0 0 0   0 0 0 
       0.0020792509  2 2 b 2 2   b 2 0 a a   0 0 0 0 0   0 0 0 0 0   0 0 0 0 0   0 0 0 
       0.0020792509  2 2 a 2 2   2 a b 0 b   0 0 0 0 0   0 0 0 0 0   0 0 0 0 0   0 0 0 
       0.0020792509  2 2 a 2 2   a 2 0 b b   0 0 0 0 0   0 0 0 0 0   0 0 0 0 0   0 0 0 
       0.0020513452  2 2 0 2 2   2 0 2 2 0   0 0 0 0 0   0 0 0 0 0   0 0 0 0 0   0 0 0 
       0.0020513452  2 2 0 2 2   0 2 2 2 0   0 0 0 0 0   0 0 0 0 0   0 0 0 0 0   0 0 0 
      -0.0020107995  2 2 b a b   2 0 2 2 a   0 0 0 0 0   0 0 0 0 0   0 0 0 0 0   0 0 0 
      -0.0020107995  2 2 b a b   0 2 2 2 a   0 0 0 0 0   0 0 0 0 0   0 0 0 0 0   0 0 0 
      -0.0020107995  2 2 a b a   2 0 2 2 b   0 0 0 0 0   0 0 0 0 0   0 0 0 0 0   0 0 0 
      -0.0020107995  2 2 a b a   0 2 2 2 b   0 0 0 0 0   0 0 0 0 0   0 0 0 0 0   0 0 0 
       0.0019943854  2 2 b 0 a   2 2 2 2 0   0 0 0 0 0   0 0 0 0 0   0 0 0 0 0   0 0 0 
       0.0019943854  2 2 a 0 b   2 2 2 2 0   0 0 0 0 0   0 0 0 0 0   0 0 0 0 0   0 0 0 
       0.0019724629  2 2 2 2 0   2 0 2 0 2   0 0 0 0 0   0 0 0 0 0   0 0 0 0 0   0 0 0 
       0.0019724629  2 2 2 2 0   0 2 0 2 2   0 0 0 0 0   0 0 0 0 0   0 0 0 0 0   0 0 0 
       0.0018798036  2 2 2 2 a   2 b b 0 a   0 0 0 0 0   0 0 0 0 0   0 0 0 0 0   0 0 0 
       0.0018798036  2 2 2 2 a   b 2 0 b a   0 0 0 0 0   0 0 0 0 0   0 0 0 0 0   0 0 0 
       0.0018798036  2 2 2 2 b   2 a a 0 b   0 0 0 0 0   0 0 0 0 0   0 0 0 0 0   0 0 0 
       0.0018798036  2 2 2 2 b   a 2 0 a b   0 0 0 0 0   0 0 0 0 0   0 0 0 0 0   0 0 0 
       0.0018699784  2 2 2 0 b   2 a 2 b a   0 0 0 0 0   0 0 0 0 0   0 0 0 0 0   0 0 0 
       0.0018699784  2 2 2 0 b   a 2 b 2 a   0 0 0 0 0   0 0 0 0 0   0 0 0 0 0   0 0 0 
       0.0018699784  2 2 2 0 a   2 b 2 a b   0 0 0 0 0   0 0 0 0 0   0 0 0 0 0   0 0 0 
       0.0018699784  2 2 2 0 a   b 2 a 2 b   0 0 0 0 0   0 0 0 0 0   0 0 0 0 0   0 0 0 
       0.0018069708  2 2 2 b 0   2 0 2 2 a   0 0 0 0 0   0 0 0 0 0   0 0 0 0 0   0 0 0 
       0.0018069708  2 2 2 b 0   0 2 2 2 a   0 0 0 0 0   0 0 0 0 0   0 0 0 0 0   0 0 0 
       0.0018069708  2 2 2 a 0   2 0 2 2 b   0 0 0 0 0   0 0 0 0 0   0 0 0 0 0   0 0 0 
       0.0018069708  2 2 2 a 0   0 2 2 2 b   0 0 0 0 0   0 0 0 0 0   0 0 0 0 0   0 0 0 
      -0.0017982265  2 2 b 2 a   b a b a 2   0 0 0 0 0   0 0 0 0 0   0 0 0 0 0   0 0 0 
      -0.0017982265  2 2 a 2 b   b a b a 2   0 0 0 0 0   0 0 0 0 0   0 0 0 0 0   0 0 0 
      -0.0017982265  2 2 b 2 a   a b a b 2   0 0 0 0 0   0 0 0 0 0   0 0 0 0 0   0 0 0 
      -0.0017982265  2 2 a 2 b   a b a b 2   0 0 0 0 0   0 0 0 0 0   0 0 0 0 0   0 0 0 
      -0.0017380915  2 2 2 b a   b 2 a 0 2   0 0 0 0 0   0 0 0 0 0   0 0 0 0 0   0 0 0 
      -0.0017380915  2 2 2 a b   a 2 b 0 2   0 0 0 0 0   0 0 0 0 0   0 0 0 0 0   0 0 0 
       0.0017380915  2 2 2 b a   2 b 0 a 2   0 0 0 0 0   0 0 0 0 0   0 0 0 0 0   0 0 0 
       0.0017380915  2 2 2 a b   2 a 0 b 2   0 0 0 0 0   0 0 0 0 0   0 0 0 0 0   0 0 0 
       0.0016955917  2 2 a 2 b   b a 2 0 2   0 0 0 0 0   0 0 0 0 0   0 0 0 0 0   0 0 0 
       0.0016955917  2 2 b 2 a   a b 2 0 2   0 0 0 0 0   0 0 0 0 0   0 0 0 0 0   0 0 0 
      -0.0016955917  2 2 a 2 b   2 0 b a 2   0 0 0 0 0   0 0 0 0 0   0 0 0 0 0   0 0 0 
       0.0016955917  2 2 b 2 a   0 2 b a 2   0 0 0 0 0   0 0 0 0 0   0 0 0 0 0   0 0 0 
      -0.0016955917  2 2 b 2 a   2 0 a b 2   0 0 0 0 0   0 0 0 0 0   0 0 0 0 0   0 0 0 
       0.0016955917  2 2 a 2 b   0 2 a b 2   0 0 0 0 0   0 0 0 0 0   0 0 0 0 0   0 0 0 
      -0.0016955917  2 2 b 2 a   b a 0 2 2   0 0 0 0 0   0 0 0 0 0   0 0 0 0 0   0 0 0 
      -0.0016955917  2 2 a 2 b   a b 0 2 2   0 0 0 0 0   0 0 0 0 0   0 0 0 0 0   0 0 0 
       0.0016955916  2 2 b 2 a   b a 2 0 2   0 0 0 0 0   0 0 0 0 0   0 0 0 0 0   0 0 0 
       0.0016955916  2 2 a 2 b   a b 2 0 2   0 0 0 0 0   0 0 0 0 0   0 0 0 0 0   0 0 0 
      -0.0016955916  2 2 b 2 a   2 0 b a 2   0 0 0 0 0   0 0 0 0 0   0 0 0 0 0   0 0 0 
       0.0016955916  2 2 a 2 b   0 2 b a 2   0 0 0 0 0   0 0 0 0 0   0 0 0 0 0   0 0 0 
      -0.0016955916  2 2 a 2 b   2 0 a b 2   0 0 0 0 0   0 0 0 0 0   0 0 0 0 0   0 0 0 
       0.0016955916  2 2 b 2 a   0 2 a b 2   0 0 0 0 0   0 0 0 0 0   0 0 0 0 0   0 0 0 
      -0.0016955916  2 2 a 2 b   b a 0 2 2   0 0 0 0 0   0 0 0 0 0   0 0 0 0 0   0 0 0 
      -0.0016955916  2 2 b 2 a   a b 0 2 2   0 0 0 0 0   0 0 0 0 0   0 0 0 0 0   0 0 0 
       0.0015777526  2 2 0 2 2   b a 2 0 2   0 0 0 0 0   0 0 0 0 0   0 0 0 0 0   0 0 0 
       0.0015777526  2 2 0 2 2   a b 2 0 2   0 0 0 0 0   0 0 0 0 0   0 0 0 0 0   0 0 0 
      -0.0015777526  2 2 0 2 2   2 0 b a 2   0 0 0 0 0   0 0 0 0 0   0 0 0 0 0   0 0 0 
       0.0015777526  2 2 0 2 2   0 2 b a 2   0 0 0 0 0   0 0 0 0 0   0 0 0 0 0   0 0 0 
      -0.0015777526  2 2 0 2 2   2 0 a b 2   0 0 0 0 0   0 0 0 0 0   0 0 0 0 0   0 0 0 
       0.0015777526  2 2 0 2 2   0 2 a b 2   0 0 0 0 0   0 0 0 0 0   0 0 0 0 0   0 0 0 
      -0.0015777526  2 2 0 2 2   b a 0 2 2   0 0 0 0 0   0 0 0 0 0   0 0 0 0 0   0 0 0 
      -0.0015777526  2 2 0 2 2   a b 0 2 2   0 0 0 0 0   0 0 0 0 0   0 0 0 0 0   0 0 0 
      -0.0015716895  2 2 b 0 2   2 a 2 b a   0 0 0 0 0   0 0 0 0 0   0 0 0 0 0   0 0 0 
      -0.0015716895  2 2 b 0 2   a 2 b 2 a   0 0 0 0 0   0 0 0 0 0   0 0 0 0 0   0 0 0 
      -0.0015716895  2 2 a 0 2   2 b 2 a b   0 0 0 0 0   0 0 0 0 0   0 0 0 0 0   0 0 0 
      -0.0015716895  2 2 a 0 2   b 2 a 2 b   0 0 0 0 0   0 0 0 0 0   0 0 0 0 0   0 0 0 
      -0.0015346065  2 2 2 a b   b 2 a 0 2   0 0 0 0 0   0 0 0 0 0   0 0 0 0 0   0 0 0 
      -0.0015346065  2 2 2 b a   a 2 b 0 2   0 0 0 0 0   0 0 0 0 0   0 0 0 0 0   0 0 0 
       0.0015346065  2 2 2 a b   2 b 0 a 2   0 0 0 0 0   0 0 0 0 0   0 0 0 0 0   0 0 0 
       0.0015346065  2 2 2 b a   2 a 0 b 2   0 0 0 0 0   0 0 0 0 0   0 0 0 0 0   0 0 0 
       0.0014313130  2 2 0 2 0   2 2 2 0 2   0 0 0 0 0   0 0 0 0 0   0 0 0 0 0   0 0 0 
       0.0014313130  2 2 0 2 0   2 2 0 2 2   0 0 0 0 0   0 0 0 0 0   0 0 0 0 0   0 0 0 
       0.0014139840  2 2 2 0 b   2 b 2 a a   0 0 0 0 0   0 0 0 0 0   0 0 0 0 0   0 0 0 
       0.0014139840  2 2 2 0 b   b 2 a 2 a   0 0 0 0 0   0 0 0 0 0   0 0 0 0 0   0 0 0 
       0.0014139840  2 2 2 0 a   2 a 2 b b   0 0 0 0 0   0 0 0 0 0   0 0 0 0 0   0 0 0 
       0.0014139840  2 2 2 0 a   a 2 b 2 b   0 0 0 0 0   0 0 0 0 0   0 0 0 0 0   0 0 0 
      -0.0014110090  2 2 2 0 2   a b b a 2   0 0 0 0 0   0 0 0 0 0   0 0 0 0 0   0 0 0 
      -0.0014110090  2 2 2 0 2   b a a b 2   0 0 0 0 0   0 0 0 0 0   0 0 0 0 0   0 0 0 
       0.0013587783  2 2 2 b a   b 2 2 a 0   0 0 0 0 0   0 0 0 0 0   0 0 0 0 0   0 0 0 
       0.0013587783  2 2 2 a b   a 2 2 b 0   0 0 0 0 0   0 0 0 0 0   0 0 0 0 0   0 0 0 
      -0.0013587783  2 2 2 b a   2 b a 2 0   0 0 0 0 0   0 0 0 0 0   0 0 0 0 0   0 0 0 
      -0.0013587783  2 2 2 a b   2 a b 2 0   0 0 0 0 0   0 0 0 0 0   0 0 0 0 0   0 0 0 
      -0.0013552645  2 2 a b b   2 0 2 2 a   0 0 0 0 0   0 0 0 0 0   0 0 0 0 0   0 0 0 
      -0.0013552645  2 2 a b b   0 2 2 2 a   0 0 0 0 0   0 0 0 0 0   0 0 0 0 0   0 0 0 
      -0.0013552645  2 2 b a a   2 0 2 2 b   0 0 0 0 0   0 0 0 0 0   0 0 0 0 0   0 0 0 
      -0.0013552645  2 2 b a a   0 2 2 2 b   0 0 0 0 0   0 0 0 0 0   0 0 0 0 0   0 0 0 
       0.0013428512  2 2 a b 2   b 2 a 0 2   0 0 0 0 0   0 0 0 0 0   0 0 0 0 0   0 0 0 
       0.0013428512  2 2 b a 2   a 2 b 0 2   0 0 0 0 0   0 0 0 0 0   0 0 0 0 0   0 0 0 
      -0.0013428512  2 2 a b 2   2 b 0 a 2   0 0 0 0 0   0 0 0 0 0   0 0 0 0 0   0 0 0 
      -0.0013428512  2 2 b a 2   2 a 0 b 2   0 0 0 0 0   0 0 0 0 0   0 0 0 0 0   0 0 0 
      -0.0012914214  2 2 b 2 2   b 0 2 a a   0 0 0 0 0   0 0 0 0 0   0 0 0 0 0   0 0 0 
      -0.0012914214  2 2 b 2 2   0 b a 2 a   0 0 0 0 0   0 0 0 0 0   0 0 0 0 0   0 0 0 
      -0.0012914214  2 2 a 2 2   a 0 2 b b   0 0 0 0 0   0 0 0 0 0   0 0 0 0 0   0 0 0 
      -0.0012914214  2 2 a 2 2   0 a b 2 b   0 0 0 0 0   0 0 0 0 0   0 0 0 0 0   0 0 0 
      -0.0012790194  2 2 a 2 2   b 0 2 b a   0 0 0 0 0   0 0 0 0 0   0 0 0 0 0   0 0 0 
      -0.0012790194  2 2 a 2 2   0 b b 2 a   0 0 0 0 0   0 0 0 0 0   0 0 0 0 0   0 0 0 
      -0.0012790194  2 2 b 2 2   a 0 2 a b   0 0 0 0 0   0 0 0 0 0   0 0 0 0 0   0 0 0 
      -0.0012790194  2 2 b 2 2   0 a a 2 b   0 0 0 0 0   0 0 0 0 0   0 0 0 0 0   0 0 0 
       0.0012748941  2 2 2 a b   b 2 2 a 0   0 0 0 0 0   0 0 0 0 0   0 0 0 0 0   0 0 0 
       0.0012748941  2 2 2 b a   a 2 2 b 0   0 0 0 0 0   0 0 0 0 0   0 0 0 0 0   0 0 0 
      -0.0012748941  2 2 2 a b   2 b a 2 0   0 0 0 0 0   0 0 0 0 0   0 0 0 0 0   0 0 0 
      -0.0012748941  2 2 2 b a   2 a b 2 0   0 0 0 0 0   0 0 0 0 0   0 0 0 0 0   0 0 0 
      -0.0012367032  2 2 0 b 2   2 2 2 0 a   0 0 0 0 0   0 0 0 0 0   0 0 0 0 0   0 0 0 
      -0.0012367032  2 2 0 b 2   2 2 0 2 a   0 0 0 0 0   0 0 0 0 0   0 0 0 0 0   0 0 0 
      -0.0012367032  2 2 0 a 2   2 2 2 0 b   0 0 0 0 0   0 0 0 0 0   0 0 0 0 0   0 0 0 
      -0.0012367032  2 2 0 a 2   2 2 0 2 b   0 0 0 0 0   0 0 0 0 0   0 0 0 0 0   0 0 0 
      -0.0012161238  2 2 a 0 2   2 b 2 b a   0 0 0 0 0   0 0 0 0 0   0 0 0 0 0   0 0 0 
      -0.0012161238  2 2 a 0 2   b 2 b 2 a   0 0 0 0 0   0 0 0 0 0   0 0 0 0 0   0 0 0 
      -0.0012161238  2 2 b 0 2   2 a 2 a b   0 0 0 0 0   0 0 0 0 0   0 0 0 0 0   0 0 0 
      -0.0012161238  2 2 b 0 2   a 2 a 2 b   0 0 0 0 0   0 0 0 0 0   0 0 0 0 0   0 0 0 
       0.0011973917  2 2 b b a   2 2 2 0 a   0 0 0 0 0   0 0 0 0 0   0 0 0 0 0   0 0 0 
       0.0011973917  2 2 b b a   2 2 0 2 a   0 0 0 0 0   0 0 0 0 0   0 0 0 0 0   0 0 0 
       0.0011973917  2 2 a a b   2 2 2 0 b   0 0 0 0 0   0 0 0 0 0   0 0 0 0 0   0 0 0 
       0.0011973917  2 2 a a b   2 2 0 2 b   0 0 0 0 0   0 0 0 0 0   0 0 0 0 0   0 0 0 
       0.0011844362  2 2 2 b a   0 b 2 a 2   0 0 0 0 0   0 0 0 0 0   0 0 0 0 0   0 0 0 
       0.0011844362  2 2 2 a b   0 a 2 b 2   0 0 0 0 0   0 0 0 0 0   0 0 0 0 0   0 0 0 
      -0.0011844362  2 2 2 b a   b 0 a 2 2   0 0 0 0 0   0 0 0 0 0   0 0 0 0 0   0 0 0 
      -0.0011844362  2 2 2 a b   a 0 b 2 2   0 0 0 0 0   0 0 0 0 0   0 0 0 0 0   0 0 0 
      -0.0011683207  2 2 a b 2   b 2 2 a 0   0 0 0 0 0   0 0 0 0 0   0 0 0 0 0   0 0 0 
      -0.0011683207  2 2 b a 2   a 2 2 b 0   0 0 0 0 0   0 0 0 0 0   0 0 0 0 0   0 0 0 
       0.0011683207  2 2 a b 2   2 b a 2 0   0 0 0 0 0   0 0 0 0 0   0 0 0 0 0   0 0 0 
       0.0011683207  2 2 b a 2   2 a b 2 0   0 0 0 0 0   0 0 0 0 0   0 0 0 0 0   0 0 0 
       0.0011586924  2 2 0 2 2   2 0 2 0 2   0 0 0 0 0   0 0 0 0 0   0 0 0 0 0   0 0 0 
       0.0011586924  2 2 0 2 2   0 2 0 2 2   0 0 0 0 0   0 0 0 0 0   0 0 0 0 0   0 0 0 
       0.0011508550  2 2 b 2 b   b a a a 2   0 0 0 0 0   0 0 0 0 0   0 0 0 0 0   0 0 0 
      -0.0011508550  2 2 b 2 b   a b a a 2   0 0 0 0 0   0 0 0 0 0   0 0 0 0 0   0 0 0 
      -0.0011508550  2 2 a 2 a   b a b b 2   0 0 0 0 0   0 0 0 0 0   0 0 0 0 0   0 0 0 
       0.0011508550  2 2 a 2 a   a b b b 2   0 0 0 0 0   0 0 0 0 0   0 0 0 0 0   0 0 0 
      -0.0011508550  2 2 b 2 b   a a b a 2   0 0 0 0 0   0 0 0 0 0   0 0 0 0 0   0 0 0 
       0.0011508550  2 2 a 2 a   b b b a 2   0 0 0 0 0   0 0 0 0 0   0 0 0 0 0   0 0 0 
       0.0011508550  2 2 b 2 b   a a a b 2   0 0 0 0 0   0 0 0 0 0   0 0 0 0 0   0 0 0 
      -0.0011508550  2 2 a 2 a   b b a b 2   0 0 0 0 0   0 0 0 0 0   0 0 0 0 0   0 0 0 
       0.0011410394  2 2 2 0 2   2 0 2 0 2   0 0 0 0 0   0 0 0 0 0   0 0 0 0 0   0 0 0 
       0.0011410394  2 2 2 0 2   0 2 0 2 2   0 0 0 0 0   0 0 0 0 0   0 0 0 0 0   0 0 0 
      -0.0011183416  2 2 a b 0   2 b 2 a 2   0 0 0 0 0   0 0 0 0 0   0 0 0 0 0   0 0 0 
      -0.0011183416  2 2 b a 0   2 a 2 b 2   0 0 0 0 0   0 0 0 0 0   0 0 0 0 0   0 0 0 
      -0.0011183416  2 2 a b 0   b 2 a 2 2   0 0 0 0 0   0 0 0 0 0   0 0 0 0 0   0 0 0 
      -0.0011183416  2 2 b a 0   a 2 b 2 2   0 0 0 0 0   0 0 0 0 0   0 0 0 0 0   0 0 0 
       0.0010428001  2 2 2 a b   0 b 2 a 2   0 0 0 0 0   0 0 0 0 0   0 0 0 0 0   0 0 0 
       0.0010428001  2 2 2 b a   0 a 2 b 2   0 0 0 0 0   0 0 0 0 0   0 0 0 0 0   0 0 0 
      -0.0010428001  2 2 2 a b   b 0 a 2 2   0 0 0 0 0   0 0 0 0 0   0 0 0 0 0   0 0 0 
      -0.0010428001  2 2 2 b a   a 0 b 2 2   0 0 0 0 0   0 0 0 0 0   0 0 0 0 0   0 0 0 
       0.0009999315  2 2 b a 2   b 2 a 0 2   0 0 0 0 0   0 0 0 0 0   0 0 0 0 0   0 0 0 
       0.0009999315  2 2 a b 2   a 2 b 0 2   0 0 0 0 0   0 0 0 0 0   0 0 0 0 0   0 0 0 
      -0.0009999315  2 2 b a 2   2 b 0 a 2   0 0 0 0 0   0 0 0 0 0   0 0 0 0 0   0 0 0 
      -0.0009999315  2 2 a b 2   2 a 0 b 2   0 0 0 0 0   0 0 0 0 0   0 0 0 0 0   0 0 0 
      -0.0009882872  2 2 b a 2   b 2 2 a 0   0 0 0 0 0   0 0 0 0 0   0 0 0 0 0   0 0 0 
      -0.0009882872  2 2 a b 2   a 2 2 b 0   0 0 0 0 0   0 0 0 0 0   0 0 0 0 0   0 0 0 
       0.0009882872  2 2 b a 2   2 b a 2 0   0 0 0 0 0   0 0 0 0 0   0 0 0 0 0   0 0 0 
       0.0009882872  2 2 a b 2   2 a b 2 0   0 0 0 0 0   0 0 0 0 0   0 0 0 0 0   0 0 0 
      -0.0009221636  2 2 b a 0   2 b 2 a 2   0 0 0 0 0   0 0 0 0 0   0 0 0 0 0   0 0 0 
      -0.0009221636  2 2 a b 0   2 a 2 b 2   0 0 0 0 0   0 0 0 0 0   0 0 0 0 0   0 0 0 
      -0.0009221636  2 2 b a 0   b 2 a 2 2   0 0 0 0 0   0 0 0 0 0   0 0 0 0 0   0 0 0 
      -0.0009221636  2 2 a b 0   a 2 b 2 2   0 0 0 0 0   0 0 0 0 0   0 0 0 0 0   0 0 0 
      -0.0009018445  2 2 b 0 a   2 2 2 0 2   0 0 0 0 0   0 0 0 0 0   0 0 0 0 0   0 0 0 
      -0.0009018445  2 2 a 0 b   2 2 2 0 2   0 0 0 0 0   0 0 0 0 0   0 0 0 0 0   0 0 0 
      -0.0009018445  2 2 b 0 a   2 2 0 2 2   0 0 0 0 0   0 0 0 0 0   0 0 0 0 0   0 0 0 
      -0.0009018445  2 2 a 0 b   2 2 0 2 2   0 0 0 0 0   0 0 0 0 0   0 0 0 0 0   0 0 0 
      -0.0008719509  2 2 2 0 2   0 0 2 2 2   0 0 0 0 0   0 0 0 0 0   0 0 0 0 0   0 0 0 
       0.0008333143  2 2 b 2 a   2 0 2 0 2   0 0 0 0 0   0 0 0 0 0   0 0 0 0 0   0 0 0 
       0.0008333143  2 2 a 2 b   2 0 2 0 2   0 0 0 0 0   0 0 0 0 0   0 0 0 0 0   0 0 0 
       0.0008333143  2 2 b 2 a   0 2 0 2 2   0 0 0 0 0   0 0 0 0 0   0 0 0 0 0   0 0 0 
       0.0008333143  2 2 a 2 b   0 2 0 2 2   0 0 0 0 0   0 0 0 0 0   0 0 0 0 0   0 0 0 
      -0.0008292729  2 2 b b 2   2 a 2 a 0   0 0 0 0 0   0 0 0 0 0   0 0 0 0 0   0 0 0 
      -0.0008292729  2 2 a a 2   2 b 2 b 0   0 0 0 0 0   0 0 0 0 0   0 0 0 0 0   0 0 0 
      -0.0008292729  2 2 b b 2   a 2 a 2 0   0 0 0 0 0   0 0 0 0 0   0 0 0 0 0   0 0 0 
      -0.0008292729  2 2 a a 2   b 2 b 2 0   0 0 0 0 0   0 0 0 0 0   0 0 0 0 0   0 0 0 
      -0.0008225454  2 2 2 0 2   b a b a 2   0 0 0 0 0   0 0 0 0 0   0 0 0 0 0   0 0 0 
      -0.0008225454  2 2 2 0 2   a b a b 2   0 0 0 0 0   0 0 0 0 0   0 0 0 0 0   0 0 0 
      -0.0008091459  2 2 2 b 2   0 0 2 2 a   0 0 0 0 0   0 0 0 0 0   0 0 0 0 0   0 0 0 
      -0.0008091459  2 2 2 a 2   0 0 2 2 b   0 0 0 0 0   0 0 0 0 0   0 0 0 0 0   0 0 0 
      -0.0007332662  2 2 2 0 0   2 0 2 2 2   0 0 0 0 0   0 0 0 0 0   0 0 0 0 0   0 0 0 
      -0.0007332662  2 2 2 0 0   0 2 2 2 2   0 0 0 0 0   0 0 0 0 0   0 0 0 0 0   0 0 0 
      -0.0006555350  2 2 b b a   2 0 2 2 a   0 0 0 0 0   0 0 0 0 0   0 0 0 0 0   0 0 0 
      -0.0006555350  2 2 b b a   0 2 2 2 a   0 0 0 0 0   0 0 0 0 0   0 0 0 0 0   0 0 0 
      -0.0006555350  2 2 a a b   2 0 2 2 b   0 0 0 0 0   0 0 0 0 0   0 0 0 0 0   0 0 0 
      -0.0006555350  2 2 a a b   0 2 2 2 b   0 0 0 0 0   0 0 0 0 0   0 0 0 0 0   0 0 0 
       0.0006375017  2 2 0 a b   2 b 2 a 2   0 0 0 0 0   0 0 0 0 0   0 0 0 0 0   0 0 0 
       0.0006375017  2 2 0 b a   2 a 2 b 2   0 0 0 0 0   0 0 0 0 0   0 0 0 0 0   0 0 0 
       0.0006375017  2 2 0 a b   b 2 a 2 2   0 0 0 0 0   0 0 0 0 0   0 0 0 0 0   0 0 0 
       0.0006375017  2 2 0 b a   a 2 b 2 2   0 0 0 0 0   0 0 0 0 0   0 0 0 0 0   0 0 0 
       0.0006351693  2 2 0 b 2   2 0 2 2 a   0 0 0 0 0   0 0 0 0 0   0 0 0 0 0   0 0 0 
       0.0006351693  2 2 0 b 2   0 2 2 2 a   0 0 0 0 0   0 0 0 0 0   0 0 0 0 0   0 0 0 
       0.0006351693  2 2 0 a 2   2 0 2 2 b   0 0 0 0 0   0 0 0 0 0   0 0 0 0 0   0 0 0 
       0.0006351693  2 2 0 a 2   0 2 2 2 b   0 0 0 0 0   0 0 0 0 0   0 0 0 0 0   0 0 0 
      -0.0006051841  2 2 2 b 2   0 2 2 0 a   0 0 0 0 0   0 0 0 0 0   0 0 0 0 0   0 0 0 
      -0.0006051841  2 2 2 b 2   2 0 0 2 a   0 0 0 0 0   0 0 0 0 0   0 0 0 0 0   0 0 0 
      -0.0006051841  2 2 2 a 2   0 2 2 0 b   0 0 0 0 0   0 0 0 0 0   0 0 0 0 0   0 0 0 
      -0.0006051841  2 2 2 a 2   2 0 0 2 b   0 0 0 0 0   0 0 0 0 0   0 0 0 0 0   0 0 0 
       0.0005994968  2 2 0 b a   2 b 2 a 2   0 0 0 0 0   0 0 0 0 0   0 0 0 0 0   0 0 0 
       0.0005994968  2 2 0 a b   2 a 2 b 2   0 0 0 0 0   0 0 0 0 0   0 0 0 0 0   0 0 0 
       0.0005994968  2 2 0 b a   b 2 a 2 2   0 0 0 0 0   0 0 0 0 0   0 0 0 0 0   0 0 0 
       0.0005994968  2 2 0 a b   a 2 b 2 2   0 0 0 0 0   0 0 0 0 0   0 0 0 0 0   0 0 0 
       0.0005884636  2 2 2 0 2   b b a a 2   0 0 0 0 0   0 0 0 0 0   0 0 0 0 0   0 0 0 
       0.0005884636  2 2 2 0 2   a a b b 2   0 0 0 0 0   0 0 0 0 0   0 0 0 0 0   0 0 0 
       0.0005482884  2 2 0 2 0   2 2 2 2 0   0 0 0 0 0   0 0 0 0 0   0 0 0 0 0   0 0 0 
      -0.0005423586  2 2 2 2 a   b 0 2 b a   0 0 0 0 0   0 0 0 0 0   0 0 0 0 0   0 0 0 
      -0.0005423586  2 2 2 2 a   0 b b 2 a   0 0 0 0 0   0 0 0 0 0   0 0 0 0 0   0 0 0 
      -0.0005423586  2 2 2 2 b   a 0 2 a b   0 0 0 0 0   0 0 0 0 0   0 0 0 0 0   0 0 0 
      -0.0005423586  2 2 2 2 b   0 a a 2 b   0 0 0 0 0   0 0 0 0 0   0 0 0 0 0   0 0 0 
       0.0005088833  2 2 2 0 2   b a 2 0 2   0 0 0 0 0   0 0 0 0 0   0 0 0 0 0   0 0 0 
       0.0005088833  2 2 2 0 2   a b 2 0 2   0 0 0 0 0   0 0 0 0 0   0 0 0 0 0   0 0 0 
      -0.0005088833  2 2 2 0 2   2 0 b a 2   0 0 0 0 0   0 0 0 0 0   0 0 0 0 0   0 0 0 
       0.0005088833  2 2 2 0 2   0 2 b a 2   0 0 0 0 0   0 0 0 0 0   0 0 0 0 0   0 0 0 
      -0.0005088833  2 2 2 0 2   2 0 a b 2   0 0 0 0 0   0 0 0 0 0   0 0 0 0 0   0 0 0 
       0.0005088833  2 2 2 0 2   0 2 a b 2   0 0 0 0 0   0 0 0 0 0   0 0 0 0 0   0 0 0 
      -0.0005088833  2 2 2 0 2   b a 0 2 2   0 0 0 0 0   0 0 0 0 0   0 0 0 0 0   0 0 0 
      -0.0005088833  2 2 2 0 2   a b 0 2 2   0 0 0 0 0   0 0 0 0 0   0 0 0 0 0   0 0 0 
      -0.0005067352  2 2 0 0 0   2 2 2 2 2   0 0 0 0 0   0 0 0 0 0   0 0 0 0 0   0 0 0 
      -0.0004955957  2 2 0 0 2   2 0 2 2 2   0 0 0 0 0   0 0 0 0 0   0 0 0 0 0   0 0 0 
      -0.0004955957  2 2 0 0 2   0 2 2 2 2   0 0 0 0 0   0 0 0 0 0   0 0 0 0 0   0 0 0 
       0.0004928997  2 2 0 2 b   2 a 2 b a   0 0 0 0 0   0 0 0 0 0   0 0 0 0 0   0 0 0 
       0.0004928997  2 2 0 2 b   a 2 b 2 a   0 0 0 0 0   0 0 0 0 0   0 0 0 0 0   0 0 0 
       0.0004928997  2 2 0 2 a   2 b 2 a b   0 0 0 0 0   0 0 0 0 0   0 0 0 0 0   0 0 0 
       0.0004928997  2 2 0 2 a   b 2 a 2 b   0 0 0 0 0   0 0 0 0 0   0 0 0 0 0   0 0 0 
       0.0004559944  2 2 2 0 a   2 b 2 b a   0 0 0 0 0   0 0 0 0 0   0 0 0 0 0   0 0 0 
       0.0004559944  2 2 2 0 a   b 2 b 2 a   0 0 0 0 0   0 0 0 0 0   0 0 0 0 0   0 0 0 
       0.0004559944  2 2 2 0 b   2 a 2 a b   0 0 0 0 0   0 0 0 0 0   0 0 0 0 0   0 0 0 
       0.0004559944  2 2 2 0 b   a 2 a 2 b   0 0 0 0 0   0 0 0 0 0   0 0 0 0 0   0 0 0 
      -0.0004362229  2 2 a 2 0   2 b 2 b a   0 0 0 0 0   0 0 0 0 0   0 0 0 0 0   0 0 0 
      -0.0004362229  2 2 a 2 0   b 2 b 2 a   0 0 0 0 0   0 0 0 0 0   0 0 0 0 0   0 0 0 
      -0.0004362229  2 2 b 2 0   2 a 2 a b   0 0 0 0 0   0 0 0 0 0   0 0 0 0 0   0 0 0 
      -0.0004362229  2 2 b 2 0   a 2 a 2 b   0 0 0 0 0   0 0 0 0 0   0 0 0 0 0   0 0 0 
      -0.0004290092  2 2 2 b 2   a a b b a   0 0 0 0 0   0 0 0 0 0   0 0 0 0 0   0 0 0 
      -0.0004290092  2 2 2 a 2   b b a a b   0 0 0 0 0   0 0 0 0 0   0 0 0 0 0   0 0 0 
      -0.0004210773  2 2 b a 2   0 b 2 a 2   0 0 0 0 0   0 0 0 0 0   0 0 0 0 0   0 0 0 
      -0.0004210773  2 2 a b 2   0 a 2 b 2   0 0 0 0 0   0 0 0 0 0   0 0 0 0 0   0 0 0 
       0.0004210773  2 2 b a 2   b 0 a 2 2   0 0 0 0 0   0 0 0 0 0   0 0 0 0 0   0 0 0 
       0.0004210773  2 2 a b 2   a 0 b 2 2   0 0 0 0 0   0 0 0 0 0   0 0 0 0 0   0 0 0 
      -0.0004179223  2 2 b 2 0   2 a 2 b a   0 0 0 0 0   0 0 0 0 0   0 0 0 0 0   0 0 0 
      -0.0004179223  2 2 b 2 0   a 2 b 2 a   0 0 0 0 0   0 0 0 0 0   0 0 0 0 0   0 0 0 
      -0.0004179223  2 2 a 2 0   2 b 2 a b   0 0 0 0 0   0 0 0 0 0   0 0 0 0 0   0 0 0 
      -0.0004179223  2 2 a 2 0   b 2 a 2 b   0 0 0 0 0   0 0 0 0 0   0 0 0 0 0   0 0 0 
      -0.0004123454  2 2 a b 2   0 b 2 a 2   0 0 0 0 0   0 0 0 0 0   0 0 0 0 0   0 0 0 
      -0.0004123454  2 2 b a 2   0 a 2 b 2   0 0 0 0 0   0 0 0 0 0   0 0 0 0 0   0 0 0 
       0.0004123454  2 2 a b 2   b 0 a 2 2   0 0 0 0 0   0 0 0 0 0   0 0 0 0 0   0 0 0 
       0.0004123454  2 2 b a 2   a 0 b 2 2   0 0 0 0 0   0 0 0 0 0   0 0 0 0 0   0 0 0 
      -0.0004059677  2 2 2 0 b   a 2 2 b a   0 0 0 0 0   0 0 0 0 0   0 0 0 0 0   0 0 0 
       0.0004059677  2 2 2 0 b   2 a b 2 a   0 0 0 0 0   0 0 0 0 0   0 0 0 0 0   0 0 0 
      -0.0004059677  2 2 2 0 a   b 2 2 a b   0 0 0 0 0   0 0 0 0 0   0 0 0 0 0   0 0 0 
       0.0004059677  2 2 2 0 a   2 b a 2 b   0 0 0 0 0   0 0 0 0 0   0 0 0 0 0   0 0 0 
       0.0003898423  2 2 2 b 2   a b b a a   0 0 0 0 0   0 0 0 0 0   0 0 0 0 0   0 0 0 
       0.0003898423  2 2 2 b 2   b a a b a   0 0 0 0 0   0 0 0 0 0   0 0 0 0 0   0 0 0 
       0.0003898423  2 2 2 a 2   a b b a b   0 0 0 0 0   0 0 0 0 0   0 0 0 0 0   0 0 0 
       0.0003898423  2 2 2 a 2   b a a b b   0 0 0 0 0   0 0 0 0 0   0 0 0 0 0   0 0 0 
      -0.0003863899  2 2 2 b b   2 a 2 a 0   0 0 0 0 0   0 0 0 0 0   0 0 0 0 0   0 0 0 
      -0.0003863899  2 2 2 a a   2 b 2 b 0   0 0 0 0 0   0 0 0 0 0   0 0 0 0 0   0 0 0 
      -0.0003863899  2 2 2 b b   a 2 a 2 0   0 0 0 0 0   0 0 0 0 0   0 0 0 0 0   0 0 0 
      -0.0003863899  2 2 2 a a   b 2 b 2 0   0 0 0 0 0   0 0 0 0 0   0 0 0 0 0   0 0 0 
      -0.0003773353  2 2 2 b a   2 b a 0 2   0 0 0 0 0   0 0 0 0 0   0 0 0 0 0   0 0 0 
      -0.0003773353  2 2 2 a b   2 a b 0 2   0 0 0 0 0   0 0 0 0 0   0 0 0 0 0   0 0 0 
      -0.0003773353  2 2 2 b a   b 2 0 a 2   0 0 0 0 0   0 0 0 0 0   0 0 0 0 0   0 0 0 
      -0.0003773353  2 2 2 a b   a 2 0 b 2   0 0 0 0 0   0 0 0 0 0   0 0 0 0 0   0 0 0 
      -0.0003555656  2 2 b 0 2   2 b 2 a a   0 0 0 0 0   0 0 0 0 0   0 0 0 0 0   0 0 0 
      -0.0003555656  2 2 b 0 2   b 2 a 2 a   0 0 0 0 0   0 0 0 0 0   0 0 0 0 0   0 0 0 
      -0.0003555656  2 2 a 0 2   2 a 2 b b   0 0 0 0 0   0 0 0 0 0   0 0 0 0 0   0 0 0 
      -0.0003555656  2 2 a 0 2   a 2 b 2 b   0 0 0 0 0   0 0 0 0 0   0 0 0 0 0   0 0 0 
      -0.0003429197  2 2 b b 2   a 2 a 0 2   0 0 0 0 0   0 0 0 0 0   0 0 0 0 0   0 0 0 
      -0.0003429197  2 2 a a 2   b 2 b 0 2   0 0 0 0 0   0 0 0 0 0   0 0 0 0 0   0 0 0 
       0.0003429197  2 2 b b 2   2 a 0 a 2   0 0 0 0 0   0 0 0 0 0   0 0 0 0 0   0 0 0 
       0.0003429197  2 2 a a 2   2 b 0 b 2   0 0 0 0 0   0 0 0 0 0   0 0 0 0 0   0 0 0 
       0.0003412097  2 2 b 0 2   a 2 2 b a   0 0 0 0 0   0 0 0 0 0   0 0 0 0 0   0 0 0 
      -0.0003412097  2 2 b 0 2   2 a b 2 a   0 0 0 0 0   0 0 0 0 0   0 0 0 0 0   0 0 0 
       0.0003412097  2 2 a 0 2   b 2 2 a b   0 0 0 0 0   0 0 0 0 0   0 0 0 0 0   0 0 0 
      -0.0003412097  2 2 a 0 2   2 b a 2 b   0 0 0 0 0   0 0 0 0 0   0 0 0 0 0   0 0 0 
      -0.0003331595  2 2 2 a b   2 b a 0 2   0 0 0 0 0   0 0 0 0 0   0 0 0 0 0   0 0 0 
      -0.0003331595  2 2 2 b a   2 a b 0 2   0 0 0 0 0   0 0 0 0 0   0 0 0 0 0   0 0 0 
      -0.0003331595  2 2 2 a b   b 2 0 a 2   0 0 0 0 0   0 0 0 0 0   0 0 0 0 0   0 0 0 
      -0.0003331595  2 2 2 b a   a 2 0 b 2   0 0 0 0 0   0 0 0 0 0   0 0 0 0 0   0 0 0 
      -0.0003069725  2 2 2 0 b   b 2 2 a a   0 0 0 0 0   0 0 0 0 0   0 0 0 0 0   0 0 0 
       0.0003069725  2 2 2 0 b   2 b a 2 a   0 0 0 0 0   0 0 0 0 0   0 0 0 0 0   0 0 0 
      -0.0003069725  2 2 2 0 a   a 2 2 b b   0 0 0 0 0   0 0 0 0 0   0 0 0 0 0   0 0 0 
       0.0003069725  2 2 2 0 a   2 a b 2 b   0 0 0 0 0   0 0 0 0 0   0 0 0 0 0   0 0 0 
       0.0002915296  2 2 a b 2   2 b a 0 2   0 0 0 0 0   0 0 0 0 0   0 0 0 0 0   0 0 0 
       0.0002915296  2 2 b a 2   2 a b 0 2   0 0 0 0 0   0 0 0 0 0   0 0 0 0 0   0 0 0 
       0.0002915296  2 2 a b 2   b 2 0 a 2   0 0 0 0 0   0 0 0 0 0   0 0 0 0 0   0 0 0 
       0.0002915296  2 2 b a 2   a 2 0 b 2   0 0 0 0 0   0 0 0 0 0   0 0 0 0 0   0 0 0 
       0.0002683113  2 2 0 2 a   2 b 2 b a   0 0 0 0 0   0 0 0 0 0   0 0 0 0 0   0 0 0 
       0.0002683113  2 2 0 2 a   b 2 b 2 a   0 0 0 0 0   0 0 0 0 0   0 0 0 0 0   0 0 0 
       0.0002683113  2 2 0 2 b   2 a 2 a b   0 0 0 0 0   0 0 0 0 0   0 0 0 0 0   0 0 0 
       0.0002683113  2 2 0 2 b   a 2 a 2 b   0 0 0 0 0   0 0 0 0 0   0 0 0 0 0   0 0 0 
       0.0002665379  2 2 2 a 2   b b b a a   0 0 0 0 0   0 0 0 0 0   0 0 0 0 0   0 0 0 
      -0.0002665379  2 2 2 a 2   b b a b a   0 0 0 0 0   0 0 0 0 0   0 0 0 0 0   0 0 0 
      -0.0002665379  2 2 2 b 2   a a b a b   0 0 0 0 0   0 0 0 0 0   0 0 0 0 0   0 0 0 
       0.0002665379  2 2 2 b 2   a a a b b   0 0 0 0 0   0 0 0 0 0   0 0 0 0 0   0 0 0 
      -0.0002665377  2 2 2 a 2   b a b b a   0 0 0 0 0   0 0 0 0 0   0 0 0 0 0   0 0 0 
       0.0002665377  2 2 2 a 2   a b b b a   0 0 0 0 0   0 0 0 0 0   0 0 0 0 0   0 0 0 
       0.0002665377  2 2 2 b 2   b a a a b   0 0 0 0 0   0 0 0 0 0   0 0 0 0 0   0 0 0 
      -0.0002665377  2 2 2 b 2   a b a a b   0 0 0 0 0   0 0 0 0 0   0 0 0 0 0   0 0 0 
       0.0002640172  2 2 a 0 2   b 2 2 b a   0 0 0 0 0   0 0 0 0 0   0 0 0 0 0   0 0 0 
      -0.0002640172  2 2 a 0 2   2 b b 2 a   0 0 0 0 0   0 0 0 0 0   0 0 0 0 0   0 0 0 
       0.0002640172  2 2 b 0 2   a 2 2 a b   0 0 0 0 0   0 0 0 0 0   0 0 0 0 0   0 0 0 
      -0.0002640172  2 2 b 0 2   2 a a 2 b   0 0 0 0 0   0 0 0 0 0   0 0 0 0 0   0 0 0 
       0.0002571381  2 2 2 b a   b 0 2 a 2   0 0 0 0 0   0 0 0 0 0   0 0 0 0 0   0 0 0 
       0.0002571381  2 2 2 a b   a 0 2 b 2   0 0 0 0 0   0 0 0 0 0   0 0 0 0 0   0 0 0 
       0.0002571381  2 2 2 b a   0 b a 2 2   0 0 0 0 0   0 0 0 0 0   0 0 0 0 0   0 0 0 
       0.0002571381  2 2 2 a b   0 a b 2 2   0 0 0 0 0   0 0 0 0 0   0 0 0 0 0   0 0 0 
       0.0002427891  2 2 a b 0   b 2 2 a 2   0 0 0 0 0   0 0 0 0 0   0 0 0 0 0   0 0 0 
       0.0002427891  2 2 b a 0   a 2 2 b 2   0 0 0 0 0   0 0 0 0 0   0 0 0 0 0   0 0 0 
      -0.0002427891  2 2 a b 0   2 b a 2 2   0 0 0 0 0   0 0 0 0 0   0 0 0 0 0   0 0 0 
      -0.0002427891  2 2 b a 0   2 a b 2 2   0 0 0 0 0   0 0 0 0 0   0 0 0 0 0   0 0 0 
       0.0002273710  2 2 2 b 2   b a b a a   0 0 0 0 0   0 0 0 0 0   0 0 0 0 0   0 0 0 
       0.0002273710  2 2 2 b 2   a b a b a   0 0 0 0 0   0 0 0 0 0   0 0 0 0 0   0 0 0 
       0.0002273710  2 2 2 a 2   b a b a b   0 0 0 0 0   0 0 0 0 0   0 0 0 0 0   0 0 0 
       0.0002273710  2 2 2 a 2   a b a b b   0 0 0 0 0   0 0 0 0 0   0 0 0 0 0   0 0 0 
      -0.0002272182  2 2 b 2 a   2 0 2 2 0   0 0 0 0 0   0 0 0 0 0   0 0 0 0 0   0 0 0 
      -0.0002272182  2 2 a 2 b   2 0 2 2 0   0 0 0 0 0   0 0 0 0 0   0 0 0 0 0   0 0 0 
      -0.0002272182  2 2 b 2 a   0 2 2 2 0   0 0 0 0 0   0 0 0 0 0   0 0 0 0 0   0 0 0 
      -0.0002272182  2 2 a 2 b   0 2 2 2 0   0 0 0 0 0   0 0 0 0 0   0 0 0 0 0   0 0 0 
       0.0002263892  2 2 2 a b   b 0 2 a 2   0 0 0 0 0   0 0 0 0 0   0 0 0 0 0   0 0 0 
       0.0002263892  2 2 2 b a   a 0 2 b 2   0 0 0 0 0   0 0 0 0 0   0 0 0 0 0   0 0 0 
       0.0002263892  2 2 2 a b   0 b a 2 2   0 0 0 0 0   0 0 0 0 0   0 0 0 0 0   0 0 0 
       0.0002263892  2 2 2 b a   0 a b 2 2   0 0 0 0 0   0 0 0 0 0   0 0 0 0 0   0 0 0 
       0.0002245885  2 2 0 2 b   2 b 2 a a   0 0 0 0 0   0 0 0 0 0   0 0 0 0 0   0 0 0 
       0.0002245885  2 2 0 2 b   b 2 a 2 a   0 0 0 0 0   0 0 0 0 0   0 0 0 0 0   0 0 0 
       0.0002245885  2 2 0 2 a   2 a 2 b b   0 0 0 0 0   0 0 0 0 0   0 0 0 0 0   0 0 0 
       0.0002245885  2 2 0 2 a   a 2 b 2 b   0 0 0 0 0   0 0 0 0 0   0 0 0 0 0   0 0 0 
       0.0002170826  2 2 b a 2   2 b a 0 2   0 0 0 0 0   0 0 0 0 0   0 0 0 0 0   0 0 0 
       0.0002170826  2 2 a b 2   2 a b 0 2   0 0 0 0 0   0 0 0 0 0   0 0 0 0 0   0 0 0 
       0.0002170826  2 2 b a 2   b 2 0 a 2   0 0 0 0 0   0 0 0 0 0   0 0 0 0 0   0 0 0 
       0.0002170826  2 2 a b 2   a 2 0 b 2   0 0 0 0 0   0 0 0 0 0   0 0 0 0 0   0 0 0 
      -0.0002034850  2 2 2 b b   a 2 a 0 2   0 0 0 0 0   0 0 0 0 0   0 0 0 0 0   0 0 0 
      -0.0002034850  2 2 2 a a   b 2 b 0 2   0 0 0 0 0   0 0 0 0 0   0 0 0 0 0   0 0 0 
       0.0002034850  2 2 2 b b   2 a 0 a 2   0 0 0 0 0   0 0 0 0 0   0 0 0 0 0   0 0 0 
       0.0002034850  2 2 2 a a   2 b 0 b 2   0 0 0 0 0   0 0 0 0 0   0 0 0 0 0   0 0 0 
       0.0002001994  2 2 b a 0   b 2 2 a 2   0 0 0 0 0   0 0 0 0 0   0 0 0 0 0   0 0 0 
       0.0002001994  2 2 a b 0   a 2 2 b 2   0 0 0 0 0   0 0 0 0 0   0 0 0 0 0   0 0 0 
      -0.0002001994  2 2 b a 0   2 b a 2 2   0 0 0 0 0   0 0 0 0 0   0 0 0 0 0   0 0 0 
      -0.0002001994  2 2 a b 0   2 a b 2 2   0 0 0 0 0   0 0 0 0 0   0 0 0 0 0   0 0 0 
       0.0001961778  2 2 b b 0   2 a 2 a 2   0 0 0 0 0   0 0 0 0 0   0 0 0 0 0   0 0 0 
       0.0001961778  2 2 a a 0   2 b 2 b 2   0 0 0 0 0   0 0 0 0 0   0 0 0 0 0   0 0 0 
       0.0001961778  2 2 b b 0   a 2 a 2 2   0 0 0 0 0   0 0 0 0 0   0 0 0 0 0   0 0 0 
       0.0001961778  2 2 a a 0   b 2 b 2 2   0 0 0 0 0   0 0 0 0 0   0 0 0 0 0   0 0 0 
       0.0001800334  2 2 b b 2   a 2 2 a 0   0 0 0 0 0   0 0 0 0 0   0 0 0 0 0   0 0 0 
       0.0001800334  2 2 a a 2   b 2 2 b 0   0 0 0 0 0   0 0 0 0 0   0 0 0 0 0   0 0 0 
      -0.0001800334  2 2 b b 2   2 a a 2 0   0 0 0 0 0   0 0 0 0 0   0 0 0 0 0   0 0 0 
      -0.0001800334  2 2 a a 2   2 b b 2 0   0 0 0 0 0   0 0 0 0 0   0 0 0 0 0   0 0 0 
       0.0001416360  2 2 2 b b   0 a 2 a 2   0 0 0 0 0   0 0 0 0 0   0 0 0 0 0   0 0 0 
       0.0001416360  2 2 2 a a   0 b 2 b 2   0 0 0 0 0   0 0 0 0 0   0 0 0 0 0   0 0 0 
      -0.0001416360  2 2 2 b b   a 0 a 2 2   0 0 0 0 0   0 0 0 0 0   0 0 0 0 0   0 0 0 
      -0.0001416360  2 2 2 a a   b 0 b 2 2   0 0 0 0 0   0 0 0 0 0   0 0 0 0 0   0 0 0 
      -0.0001406236  2 2 2 b 2   a b 2 0 a   0 0 0 0 0   0 0 0 0 0   0 0 0 0 0   0 0 0 
       0.0001406236  2 2 2 b 2   b a 0 2 a   0 0 0 0 0   0 0 0 0 0   0 0 0 0 0   0 0 0 
      -0.0001406236  2 2 2 a 2   b a 2 0 b   0 0 0 0 0   0 0 0 0 0   0 0 0 0 0   0 0 0 
       0.0001406236  2 2 2 a 2   a b 0 2 b   0 0 0 0 0   0 0 0 0 0   0 0 0 0 0   0 0 0 
      -0.0001406236  2 2 2 b 2   0 2 b a a   0 0 0 0 0   0 0 0 0 0   0 0 0 0 0   0 0 0 
       0.0001406236  2 2 2 b 2   2 0 a b a   0 0 0 0 0   0 0 0 0 0   0 0 0 0 0   0 0 0 
       0.0001406236  2 2 2 a 2   2 0 b a b   0 0 0 0 0   0 0 0 0 0   0 0 0 0 0   0 0 0 
      -0.0001406236  2 2 2 a 2   0 2 a b b   0 0 0 0 0   0 0 0 0 0   0 0 0 0 0   0 0 0 
       0.0001406231  2 2 2 b 2   2 0 b a a   0 0 0 0 0   0 0 0 0 0   0 0 0 0 0   0 0 0 
      -0.0001406231  2 2 2 b 2   0 2 a b a   0 0 0 0 0   0 0 0 0 0   0 0 0 0 0   0 0 0 
      -0.0001406231  2 2 2 a 2   0 2 b a b   0 0 0 0 0   0 0 0 0 0   0 0 0 0 0   0 0 0 
       0.0001406231  2 2 2 a 2   2 0 a b b   0 0 0 0 0   0 0 0 0 0   0 0 0 0 0   0 0 0 
      -0.0001406231  2 2 2 b 2   b a 2 0 a   0 0 0 0 0   0 0 0 0 0   0 0 0 0 0   0 0 0 
       0.0001406231  2 2 2 b 2   a b 0 2 a   0 0 0 0 0   0 0 0 0 0   0 0 0 0 0   0 0 0 
      -0.0001406231  2 2 2 a 2   a b 2 0 b   0 0 0 0 0   0 0 0 0 0   0 0 0 0 0   0 0 0 
       0.0001406231  2 2 2 a 2   b a 0 2 b   0 0 0 0 0   0 0 0 0 0   0 0 0 0 0   0 0 0 
      -0.0001384000  2 2 0 a b   b 2 2 a 2   0 0 0 0 0   0 0 0 0 0   0 0 0 0 0   0 0 0 
      -0.0001384000  2 2 0 b a   a 2 2 b 2   0 0 0 0 0   0 0 0 0 0   0 0 0 0 0   0 0 0 
       0.0001384000  2 2 0 a b   2 b a 2 2   0 0 0 0 0   0 0 0 0 0   0 0 0 0 0   0 0 0 
       0.0001384000  2 2 0 b a   2 a b 2 2   0 0 0 0 0   0 0 0 0 0   0 0 0 0 0   0 0 0 
      -0.0001301492  2 2 0 b a   b 2 2 a 2   0 0 0 0 0   0 0 0 0 0   0 0 0 0 0   0 0 0 
      -0.0001301492  2 2 0 a b   a 2 2 b 2   0 0 0 0 0   0 0 0 0 0   0 0 0 0 0   0 0 0 
       0.0001301492  2 2 0 b a   2 b a 2 2   0 0 0 0 0   0 0 0 0 0   0 0 0 0 0   0 0 0 
       0.0001301492  2 2 0 a b   2 a b 2 2   0 0 0 0 0   0 0 0 0 0   0 0 0 0 0   0 0 0 
       0.0001226426  2 2 0 2 0   2 0 2 2 2   0 0 0 0 0   0 0 0 0 0   0 0 0 0 0   0 0 0 
       0.0001226426  2 2 0 2 0   0 2 2 2 2   0 0 0 0 0   0 0 0 0 0   0 0 0 0 0   0 0 0 
      -0.0001070074  2 2 0 2 b   a 2 2 b a   0 0 0 0 0   0 0 0 0 0   0 0 0 0 0   0 0 0 
       0.0001070074  2 2 0 2 b   2 a b 2 a   0 0 0 0 0   0 0 0 0 0   0 0 0 0 0   0 0 0 
      -0.0001070074  2 2 0 2 a   b 2 2 a b   0 0 0 0 0   0 0 0 0 0   0 0 0 0 0   0 0 0 
       0.0001070074  2 2 0 2 a   2 b a 2 b   0 0 0 0 0   0 0 0 0 0   0 0 0 0 0   0 0 0 
       0.0001040664  2 2 2 b 2   b b a a a   0 0 0 0 0   0 0 0 0 0   0 0 0 0 0   0 0 0 
       0.0001040664  2 2 2 a 2   a a b b b   0 0 0 0 0   0 0 0 0 0   0 0 0 0 0   0 0 0 
       0.0000998176  2 2 b 0 a   2 0 2 2 2   0 0 0 0 0   0 0 0 0 0   0 0 0 0 0   0 0 0 
       0.0000998176  2 2 a 0 b   2 0 2 2 2   0 0 0 0 0   0 0 0 0 0   0 0 0 0 0   0 0 0 
       0.0000998176  2 2 b 0 a   0 2 2 2 2   0 0 0 0 0   0 0 0 0 0   0 0 0 0 0   0 0 0 
       0.0000998176  2 2 a 0 b   0 2 2 2 2   0 0 0 0 0   0 0 0 0 0   0 0 0 0 0   0 0 0 
      -0.0000989952  2 2 2 0 a   b 2 2 b a   0 0 0 0 0   0 0 0 0 0   0 0 0 0 0   0 0 0 
       0.0000989952  2 2 2 0 a   2 b b 2 a   0 0 0 0 0   0 0 0 0 0   0 0 0 0 0   0 0 0 
      -0.0000989952  2 2 2 0 b   a 2 2 a b   0 0 0 0 0   0 0 0 0 0   0 0 0 0 0   0 0 0 
       0.0000989952  2 2 2 0 b   2 a a 2 b   0 0 0 0 0   0 0 0 0 0   0 0 0 0 0   0 0 0 
       0.0000947026  2 2 a 2 0   b 2 2 b a   0 0 0 0 0   0 0 0 0 0   0 0 0 0 0   0 0 0 
      -0.0000947026  2 2 a 2 0   2 b b 2 a   0 0 0 0 0   0 0 0 0 0   0 0 0 0 0   0 0 0 
       0.0000947026  2 2 b 2 0   a 2 2 a b   0 0 0 0 0   0 0 0 0 0   0 0 0 0 0   0 0 0 
      -0.0000947026  2 2 b 2 0   2 a a 2 b   0 0 0 0 0   0 0 0 0 0   0 0 0 0 0   0 0 0 
      -0.0000914148  2 2 b a 2   b 0 2 a 2   0 0 0 0 0   0 0 0 0 0   0 0 0 0 0   0 0 0 
      -0.0000914148  2 2 a b 2   a 0 2 b 2   0 0 0 0 0   0 0 0 0 0   0 0 0 0 0   0 0 0 
      -0.0000914148  2 2 b a 2   0 b a 2 2   0 0 0 0 0   0 0 0 0 0   0 0 0 0 0   0 0 0 
      -0.0000914148  2 2 a b 2   0 a b 2 2   0 0 0 0 0   0 0 0 0 0   0 0 0 0 0   0 0 0 
       0.0000907297  2 2 b 2 0   a 2 2 b a   0 0 0 0 0   0 0 0 0 0   0 0 0 0 0   0 0 0 
      -0.0000907297  2 2 b 2 0   2 a b 2 a   0 0 0 0 0   0 0 0 0 0   0 0 0 0 0   0 0 0 
       0.0000907297  2 2 a 2 0   b 2 2 a b   0 0 0 0 0   0 0 0 0 0   0 0 0 0 0   0 0 0 
      -0.0000907297  2 2 a 2 0   2 b a 2 b   0 0 0 0 0   0 0 0 0 0   0 0 0 0 0   0 0 0 
      -0.0000895191  2 2 a b 2   b 0 2 a 2   0 0 0 0 0   0 0 0 0 0   0 0 0 0 0   0 0 0 
      -0.0000895191  2 2 b a 2   a 0 2 b 2   0 0 0 0 0   0 0 0 0 0   0 0 0 0 0   0 0 0 
      -0.0000895191  2 2 a b 2   0 b a 2 2   0 0 0 0 0   0 0 0 0 0   0 0 0 0 0   0 0 0 
      -0.0000895191  2 2 b a 2   0 a b 2 2   0 0 0 0 0   0 0 0 0 0   0 0 0 0 0   0 0 0 
       0.0000838841  2 2 2 b b   a 2 2 a 0   0 0 0 0 0   0 0 0 0 0   0 0 0 0 0   0 0 0 
       0.0000838841  2 2 2 a a   b 2 2 b 0   0 0 0 0 0   0 0 0 0 0   0 0 0 0 0   0 0 0 
      -0.0000838841  2 2 2 b b   2 a a 2 0   0 0 0 0 0   0 0 0 0 0   0 0 0 0 0   0 0 0 
      -0.0000838841  2 2 2 a a   2 b b 2 0   0 0 0 0 0   0 0 0 0 0   0 0 0 0 0   0 0 0 
       0.0000771924  2 2 b 0 2   b 2 2 a a   0 0 0 0 0   0 0 0 0 0   0 0 0 0 0   0 0 0 
      -0.0000771924  2 2 b 0 2   2 b a 2 a   0 0 0 0 0   0 0 0 0 0   0 0 0 0 0   0 0 0 
       0.0000771924  2 2 a 0 2   a 2 2 b b   0 0 0 0 0   0 0 0 0 0   0 0 0 0 0   0 0 0 
      -0.0000771924  2 2 a 0 2   2 a b 2 b   0 0 0 0 0   0 0 0 0 0   0 0 0 0 0   0 0 0 
      -0.0000744471  2 2 b b 2   2 a a 0 2   0 0 0 0 0   0 0 0 0 0   0 0 0 0 0   0 0 0 
      -0.0000744471  2 2 a a 2   2 b b 0 2   0 0 0 0 0   0 0 0 0 0   0 0 0 0 0   0 0 0 
      -0.0000744471  2 2 b b 2   a 2 0 a 2   0 0 0 0 0   0 0 0 0 0   0 0 0 0 0   0 0 0 
      -0.0000744471  2 2 a a 2   b 2 0 b 2   0 0 0 0 0   0 0 0 0 0   0 0 0 0 0   0 0 0 
      -0.0000640450  2 2 0 b 0   2 2 2 2 a   0 0 0 0 0   0 0 0 0 0   0 0 0 0 0   0 0 0 
      -0.0000640450  2 2 0 a 0   2 2 2 2 b   0 0 0 0 0   0 0 0 0 0   0 0 0 0 0   0 0 0 
      -0.0000582498  2 2 0 2 a   b 2 2 b a   0 0 0 0 0   0 0 0 0 0   0 0 0 0 0   0 0 0 
       0.0000582498  2 2 0 2 a   2 b b 2 a   0 0 0 0 0   0 0 0 0 0   0 0 0 0 0   0 0 0 
      -0.0000582498  2 2 0 2 b   a 2 2 a b   0 0 0 0 0   0 0 0 0 0   0 0 0 0 0   0 0 0 
       0.0000582498  2 2 0 2 b   2 a a 2 b   0 0 0 0 0   0 0 0 0 0   0 0 0 0 0   0 0 0 
      -0.0000487577  2 2 0 2 b   b 2 2 a a   0 0 0 0 0   0 0 0 0 0   0 0 0 0 0   0 0 0 
       0.0000487577  2 2 0 2 b   2 b a 2 a   0 0 0 0 0   0 0 0 0 0   0 0 0 0 0   0 0 0 
      -0.0000487577  2 2 0 2 a   a 2 2 b b   0 0 0 0 0   0 0 0 0 0   0 0 0 0 0   0 0 0 
       0.0000487577  2 2 0 2 a   2 a b 2 b   0 0 0 0 0   0 0 0 0 0   0 0 0 0 0   0 0 0 
      -0.0000441758  2 2 2 b b   2 a a 0 2   0 0 0 0 0   0 0 0 0 0   0 0 0 0 0   0 0 0 
      -0.0000441758  2 2 2 a a   2 b b 0 2   0 0 0 0 0   0 0 0 0 0   0 0 0 0 0   0 0 0 
      -0.0000441758  2 2 2 b b   a 2 0 a 2   0 0 0 0 0   0 0 0 0 0   0 0 0 0 0   0 0 0 
      -0.0000441758  2 2 2 a a   b 2 0 b 2   0 0 0 0 0   0 0 0 0 0   0 0 0 0 0   0 0 0 
      -0.0000425897  2 2 b b 0   a 2 2 a 2   0 0 0 0 0   0 0 0 0 0   0 0 0 0 0   0 0 0 
      -0.0000425897  2 2 a a 0   b 2 2 b 2   0 0 0 0 0   0 0 0 0 0   0 0 0 0 0   0 0 0 
       0.0000425897  2 2 b b 0   2 a a 2 2   0 0 0 0 0   0 0 0 0 0   0 0 0 0 0   0 0 0 
       0.0000425897  2 2 a a 0   2 b b 2 2   0 0 0 0 0   0 0 0 0 0   0 0 0 0 0   0 0 0 
      -0.0000380051  2 2 0 b b   2 a 2 a 2   0 0 0 0 0   0 0 0 0 0   0 0 0 0 0   0 0 0 
      -0.0000380051  2 2 0 a a   2 b 2 b 2   0 0 0 0 0   0 0 0 0 0   0 0 0 0 0   0 0 0 
      -0.0000380051  2 2 0 b b   a 2 a 2 2   0 0 0 0 0   0 0 0 0 0   0 0 0 0 0   0 0 0 
      -0.0000380051  2 2 0 a a   b 2 b 2 2   0 0 0 0 0   0 0 0 0 0   0 0 0 0 0   0 0 0 
       0.0000307489  2 2 2 b b   a 0 2 a 2   0 0 0 0 0   0 0 0 0 0   0 0 0 0 0   0 0 0 
       0.0000307489  2 2 2 a a   b 0 2 b 2   0 0 0 0 0   0 0 0 0 0   0 0 0 0 0   0 0 0 
       0.0000307489  2 2 2 b b   0 a a 2 2   0 0 0 0 0   0 0 0 0 0   0 0 0 0 0   0 0 0 
       0.0000307489  2 2 2 a a   0 b b 2 2   0 0 0 0 0   0 0 0 0 0   0 0 0 0 0   0 0 0 
       0.0000183007  2 2 b 2 0   2 b 2 a a   0 0 0 0 0   0 0 0 0 0   0 0 0 0 0   0 0 0 
       0.0000183007  2 2 b 2 0   b 2 a 2 a   0 0 0 0 0   0 0 0 0 0   0 0 0 0 0   0 0 0 
       0.0000183007  2 2 a 2 0   2 a 2 b b   0 0 0 0 0   0 0 0 0 0   0 0 0 0 0   0 0 0 
       0.0000183007  2 2 a 2 0   a 2 b 2 b   0 0 0 0 0   0 0 0 0 0   0 0 0 0 0   0 0 0 
       0.0000120289  2 2 2 b 2   2 0 2 0 a   0 0 0 0 0   0 0 0 0 0   0 0 0 0 0   0 0 0 
       0.0000120289  2 2 2 b 2   0 2 0 2 a   0 0 0 0 0   0 0 0 0 0   0 0 0 0 0   0 0 0 
       0.0000120289  2 2 2 a 2   2 0 2 0 b   0 0 0 0 0   0 0 0 0 0   0 0 0 0 0   0 0 0 
       0.0000120289  2 2 2 a 2   0 2 0 2 b   0 0 0 0 0   0 0 0 0 0   0 0 0 0 0   0 0 0 
      -0.0000087319  2 2 b b 2   0 a 2 a 2   0 0 0 0 0   0 0 0 0 0   0 0 0 0 0   0 0 0 
      -0.0000087319  2 2 a a 2   0 b 2 b 2   0 0 0 0 0   0 0 0 0 0   0 0 0 0 0   0 0 0 
       0.0000087319  2 2 b b 2   a 0 a 2 2   0 0 0 0 0   0 0 0 0 0   0 0 0 0 0   0 0 0 
       0.0000087319  2 2 a a 2   b 0 b 2 2   0 0 0 0 0   0 0 0 0 0   0 0 0 0 0   0 0 0 
       0.0000082508  2 2 0 b b   a 2 2 a 2   0 0 0 0 0   0 0 0 0 0   0 0 0 0 0   0 0 0 
       0.0000082508  2 2 0 a a   b 2 2 b 2   0 0 0 0 0   0 0 0 0 0   0 0 0 0 0   0 0 0 
      -0.0000082508  2 2 0 b b   2 a a 2 2   0 0 0 0 0   0 0 0 0 0   0 0 0 0 0   0 0 0 
      -0.0000082508  2 2 0 a a   2 b b 2 2   0 0 0 0 0   0 0 0 0 0   0 0 0 0 0   0 0 0 
      -0.0000039729  2 2 b 2 0   b 2 2 a a   0 0 0 0 0   0 0 0 0 0   0 0 0 0 0   0 0 0 
       0.0000039729  2 2 b 2 0   2 b a 2 a   0 0 0 0 0   0 0 0 0 0   0 0 0 0 0   0 0 0 
      -0.0000039729  2 2 a 2 0   a 2 2 b b   0 0 0 0 0   0 0 0 0 0   0 0 0 0 0   0 0 0 
       0.0000039729  2 2 a 2 0   2 a b 2 b   0 0 0 0 0   0 0 0 0 0   0 0 0 0 0   0 0 0 
      -0.0000018957  2 2 b b 2   a 0 2 a 2   0 0 0 0 0   0 0 0 0 0   0 0 0 0 0   0 0 0 
      -0.0000018957  2 2 a a 2   b 0 2 b 2   0 0 0 0 0   0 0 0 0 0   0 0 0 0 0   0 0 0 
      -0.0000018957  2 2 b b 2   0 a a 2 2   0 0 0 0 0   0 0 0 0 0   0 0 0 0 0   0 0 0 
      -0.0000018957  2 2 a a 2   0 b b 2 2   0 0 0 0 0   0 0 0 0 0   0 0 0 0 0   0 0 0 
      -0.0000000024  2 2 b 2 b   2 2 a a 0   0 0 0 0 0   0 0 0 0 0   0 0 0 0 0   0 0 0 
      -0.0000000024  2 2 a 2 a   2 2 b b 0   0 0 0 0 0   0 0 0 0 0   0 0 0 0 0   0 0 0 
      -0.0000000012  2 2 b 2 a   2 2 b a 0   0 0 0 0 0   0 0 0 0 0   0 0 0 0 0   0 0 0 
       0.0000000012  2 2 a 2 b   2 2 b a 0   0 0 0 0 0   0 0 0 0 0   0 0 0 0 0   0 0 0 
       0.0000000012  2 2 b 2 a   2 2 a b 0   0 0 0 0 0   0 0 0 0 0   0 0 0 0 0   0 0 0 
      -0.0000000012  2 2 a 2 b   2 2 a b 0   0 0 0 0 0   0 0 0 0 0   0 0 0 0 0   0 0 0 
       0.0000000005  2 2 b 2 b   a a 2 2 0   0 0 0 0 0   0 0 0 0 0   0 0 0 0 0   0 0 0 
       0.0000000005  2 2 a 2 a   b b 2 2 0   0 0 0 0 0   0 0 0 0 0   0 0 0 0 0   0 0 0 
      -0.0000000005  2 2 2 a 2   b b 2 0 a   0 0 0 0 0   0 0 0 0 0   0 0 0 0 0   0 0 0 
      -0.0000000005  2 2 2 a 2   b b 0 2 a   0 0 0 0 0   0 0 0 0 0   0 0 0 0 0   0 0 0 
      -0.0000000005  2 2 2 b 2   a a 2 0 b   0 0 0 0 0   0 0 0 0 0   0 0 0 0 0   0 0 0 
      -0.0000000005  2 2 2 b 2   a a 0 2 b   0 0 0 0 0   0 0 0 0 0   0 0 0 0 0   0 0 0 
       0.0000000005  2 2 2 a 2   2 0 b b a   0 0 0 0 0   0 0 0 0 0   0 0 0 0 0   0 0 0 
       0.0000000005  2 2 2 a 2   0 2 b b a   0 0 0 0 0   0 0 0 0 0   0 0 0 0 0   0 0 0 
       0.0000000005  2 2 2 b 2   2 0 a a b   0 0 0 0 0   0 0 0 0 0   0 0 0 0 0   0 0 0 
       0.0000000005  2 2 2 b 2   0 2 a a b   0 0 0 0 0   0 0 0 0 0   0 0 0 0 0   0 0 0 
      -0.0000000003  2 2 b 2 a   a b 2 2 0   0 0 0 0 0   0 0 0 0 0   0 0 0 0 0   0 0 0 
       0.0000000003  2 2 b 2 a   b a 2 2 0   0 0 0 0 0   0 0 0 0 0   0 0 0 0 0   0 0 0 
      -0.0000000003  2 2 a 2 b   b a 2 2 0   0 0 0 0 0   0 0 0 0 0   0 0 0 0 0   0 0 0 
       0.0000000003  2 2 a 2 b   a b 2 2 0   0 0 0 0 0   0 0 0 0 0   0 0 0 0 0   0 0 0 
       0.0000000002  2 2 2 a 0   2 2 b b a   0 0 0 0 0   0 0 0 0 0   0 0 0 0 0   0 0 0 
       0.0000000002  2 2 2 b 0   2 2 a a b   0 0 0 0 0   0 0 0 0 0   0 0 0 0 0   0 0 0 
      -0.0000000002  2 2 a a b   2 2 b b a   0 0 0 0 0   0 0 0 0 0   0 0 0 0 0   0 0 0 
      -0.0000000002  2 2 b b a   2 2 a a b   0 0 0 0 0   0 0 0 0 0   0 0 0 0 0   0 0 0 
       0.0000000002  2 2 b 2 b   0 2 a a 2   0 0 0 0 0   0 0 0 0 0   0 0 0 0 0   0 0 0 
       0.0000000002  2 2 a 2 a   0 2 b b 2   0 0 0 0 0   0 0 0 0 0   0 0 0 0 0   0 0 0 
       0.0000000002  2 2 b 2 b   2 0 a a 2   0 0 0 0 0   0 0 0 0 0   0 0 0 0 0   0 0 0 
       0.0000000002  2 2 a 2 a   2 0 b b 2   0 0 0 0 0   0 0 0 0 0   0 0 0 0 0   0 0 0 
      -0.0000000001  2 2 a b a   2 2 b b a   0 0 0 0 0   0 0 0 0 0   0 0 0 0 0   0 0 0 
      -0.0000000001  2 2 b a b   2 2 a a b   0 0 0 0 0   0 0 0 0 0   0 0 0 0 0   0 0 0 
       0.0000000001  2 2 b b a   2 2 b a a   0 0 0 0 0   0 0 0 0 0   0 0 0 0 0   0 0 0 
      -0.0000000001  2 2 b b a   2 2 a b a   0 0 0 0 0   0 0 0 0 0   0 0 0 0 0   0 0 0 
      -0.0000000001  2 2 a a b   2 2 b a b   0 0 0 0 0   0 0 0 0 0   0 0 0 0 0   0 0 0 
       0.0000000001  2 2 a a b   2 2 a b b   0 0 0 0 0   0 0 0 0 0   0 0 0 0 0   0 0 0 
       0.0000000001  2 2 2 a 0   2 2 b a b   0 0 0 0 0   0 0 0 0 0   0 0 0 0 0   0 0 0 
      -0.0000000001  2 2 2 a 0   2 2 a b b   0 0 0 0 0   0 0 0 0 0   0 0 0 0 0   0 0 0 
      -0.0000000001  2 2 2 b 0   2 2 b a a   0 0 0 0 0   0 0 0 0 0   0 0 0 0 0   0 0 0 
       0.0000000001  2 2 2 b 0   2 2 a b a   0 0 0 0 0   0 0 0 0 0   0 0 0 0 0   0 0 0 
      -0.0000000001  2 2 b 2 b   a a 2 0 2   0 0 0 0 0   0 0 0 0 0   0 0 0 0 0   0 0 0 
      -0.0000000001  2 2 b 2 b   a a 0 2 2   0 0 0 0 0   0 0 0 0 0   0 0 0 0 0   0 0 0 
      -0.0000000001  2 2 a 2 a   b b 0 2 2   0 0 0 0 0   0 0 0 0 0   0 0 0 0 0   0 0 0 
      -0.0000000001  2 2 a 2 a   b b 2 0 2   0 0 0 0 0   0 0 0 0 0   0 0 0 0 0   0 0 0 
       0.0000000001  2 2 b a a   2 2 b b a   0 0 0 0 0   0 0 0 0 0   0 0 0 0 0   0 0 0 
       0.0000000001  2 2 a b b   2 2 a a b   0 0 0 0 0   0 0 0 0 0   0 0 0 0 0   0 0 0 
      -0.0000000001  2 2 a b a   2 2 b a b   0 0 0 0 0   0 0 0 0 0   0 0 0 0 0   0 0 0 
       0.0000000001  2 2 a b a   2 2 a b b   0 0 0 0 0   0 0 0 0 0   0 0 0 0 0   0 0 0 
       0.0000000001  2 2 b a b   2 2 b a a   0 0 0 0 0   0 0 0 0 0   0 0 0 0 0   0 0 0 
      -0.0000000001  2 2 b a b   2 2 a b a   0 0 0 0 0   0 0 0 0 0   0 0 0 0 0   0 0 0 
      -0.0000000001  2 2 0 a 2   2 2 b b a   0 0 0 0 0   0 0 0 0 0   0 0 0 0 0   0 0 0 
      -0.0000000001  2 2 0 b 2   2 2 a a b   0 0 0 0 0   0 0 0 0 0   0 0 0 0 0   0 0 0 
      -0.0000000000  2 2 b 0 b   2 2 a a 2   0 0 0 0 0   0 0 0 0 0   0 0 0 0 0   0 0 0 
      -0.0000000000  2 2 a 0 a   2 2 b b 2   0 0 0 0 0   0 0 0 0 0   0 0 0 0 0   0 0 0 
       0.0000000000  2 2 b b b   2 2 a a a   0 0 0 0 0   0 0 0 0 0   0 0 0 0 0   0 0 0 
       0.0000000000  2 2 a a a   2 2 b b b   0 0 0 0 0   0 0 0 0 0   0 0 0 0 0   0 0 0 
       0.0000000000  2 2 b b b   a a 2 2 a   0 0 0 0 0   0 0 0 0 0   0 0 0 0 0   0 0 0 
       0.0000000000  2 2 a a a   b b 2 2 b   0 0 0 0 0   0 0 0 0 0   0 0 0 0 0   0 0 0 
      -0.0000000000  2 2 a b b   a b 2 2 a   0 0 0 0 0   0 0 0 0 0   0 0 0 0 0   0 0 0 
      -0.0000000000  2 2 b a a   b a 2 2 b   0 0 0 0 0   0 0 0 0 0   0 0 0 0 0   0 0 0 
       0.0000000000  2 2 a b b   b a 2 2 a   0 0 0 0 0   0 0 0 0 0   0 0 0 0 0   0 0 0 
       0.0000000000  2 2 b a a   a b 2 2 b   0 0 0 0 0   0 0 0 0 0   0 0 0 0 0   0 0 0 
       0.0000000000  2 2 a a b   b b 2 2 a   0 0 0 0 0   0 0 0 0 0   0 0 0 0 0   0 0 0 
       0.0000000000  2 2 b b a   a a 2 2 b   0 0 0 0 0   0 0 0 0 0   0 0 0 0 0   0 0 0 
      -0.0000000000  2 2 b 0 b   a a 2 2 2   0 0 0 0 0   0 0 0 0 0   0 0 0 0 0   0 0 0 
      -0.0000000000  2 2 a 0 a   b b 2 2 2   0 0 0 0 0   0 0 0 0 0   0 0 0 0 0   0 0 0 
       0.0000000000  2 2 0 a 2   2 2 a b b   0 0 0 0 0   0 0 0 0 0   0 0 0 0 0   0 0 0 
      -0.0000000000  2 2 0 b 2   2 2 a b a   0 0 0 0 0   0 0 0 0 0   0 0 0 0 0   0 0 0 
       0.0000000000  2 2 0 b 2   2 2 b a a   0 0 0 0 0   0 0 0 0 0   0 0 0 0 0   0 0 0 
      -0.0000000000  2 2 0 a 2   2 2 b a b   0 0 0 0 0   0 0 0 0 0   0 0 0 0 0   0 0 0 
      -0.0000000000  2 2 a b a   b b 2 2 a   0 0 0 0 0   0 0 0 0 0   0 0 0 0 0   0 0 0 
      -0.0000000000  2 2 b a b   a a 2 2 b   0 0 0 0 0   0 0 0 0 0   0 0 0 0 0   0 0 0 
       0.0000000000  2 2 a b b   2 2 a b a   0 0 0 0 0   0 0 0 0 0   0 0 0 0 0   0 0 0 
      -0.0000000000  2 2 a b b   2 2 b a a   0 0 0 0 0   0 0 0 0 0   0 0 0 0 0   0 0 0 
      -0.0000000000  2 2 b a a   2 2 a b b   0 0 0 0 0   0 0 0 0 0   0 0 0 0 0   0 0 0 
       0.0000000000  2 2 b a a   2 2 b a b   0 0 0 0 0   0 0 0 0 0   0 0 0 0 0   0 0 0 
      -0.0000000000  2 2 a b b   a a 2 2 b   0 0 0 0 0   0 0 0 0 0   0 0 0 0 0   0 0 0 
      -0.0000000000  2 2 b a a   b b 2 2 a   0 0 0 0 0   0 0 0 0 0   0 0 0 0 0   0 0 0 
       0.0000000000  2 2 0 b 2   a a 2 2 b   0 0 0 0 0   0 0 0 0 0   0 0 0 0 0   0 0 0 
       0.0000000000  2 2 0 a 2   b b 2 2 a   0 0 0 0 0   0 0 0 0 0   0 0 0 0 0   0 0 0 
      -0.0000000000  2 2 b 0 a   2 2 b a 2   0 0 0 0 0   0 0 0 0 0   0 0 0 0 0   0 0 0 
       0.0000000000  2 2 b 0 a   2 2 a b 2   0 0 0 0 0   0 0 0 0 0   0 0 0 0 0   0 0 0 
       0.0000000000  2 2 a 0 b   2 2 b a 2   0 0 0 0 0   0 0 0 0 0   0 0 0 0 0   0 0 0 
      -0.0000000000  2 2 a 0 b   2 2 a b 2   0 0 0 0 0   0 0 0 0 0   0 0 0 0 0   0 0 0 
       0.0000000000  2 2 0 a 2   b a 2 2 b   0 0 0 0 0   0 0 0 0 0   0 0 0 0 0   0 0 0 
      -0.0000000000  2 2 0 a 2   a b 2 2 b   0 0 0 0 0   0 0 0 0 0   0 0 0 0 0   0 0 0 
       0.0000000000  2 2 0 b 2   a b 2 2 a   0 0 0 0 0   0 0 0 0 0   0 0 0 0 0   0 0 0 
      -0.0000000000  2 2 0 b 2   b a 2 2 a   0 0 0 0 0   0 0 0 0 0   0 0 0 0 0   0 0 0 
      -0.0000000000  2 2 a 0 b   a b 2 2 2   0 0 0 0 0   0 0 0 0 0   0 0 0 0 0   0 0 0 
      -0.0000000000  2 2 b 0 a   b a 2 2 2   0 0 0 0 0   0 0 0 0 0   0 0 0 0 0   0 0 0 
       0.0000000000  2 2 b 0 a   a b 2 2 2   0 0 0 0 0   0 0 0 0 0   0 0 0 0 0   0 0 0 
       0.0000000000  2 2 a 0 b   b a 2 2 2   0 0 0 0 0   0 0 0 0 0   0 0 0 0 0   0 0 0 
      -0.0000000000  2 2 2 a 0   b a 2 2 b   0 0 0 0 0   0 0 0 0 0   0 0 0 0 0   0 0 0 
       0.0000000000  2 2 2 b 0   b a 2 2 a   0 0 0 0 0   0 0 0 0 0   0 0 0 0 0   0 0 0 
      -0.0000000000  2 2 2 b 0   a b 2 2 a   0 0 0 0 0   0 0 0 0 0   0 0 0 0 0   0 0 0 
       0.0000000000  2 2 2 a 0   a b 2 2 b   0 0 0 0 0   0 0 0 0 0   0 0 0 0 0   0 0 0 
      -0.0000000000  2 2 b b a   b a 2 2 a   0 0 0 0 0   0 0 0 0 0   0 0 0 0 0   0 0 0 
       0.0000000000  2 2 a a b   b a 2 2 b   0 0 0 0 0   0 0 0 0 0   0 0 0 0 0   0 0 0 
       0.0000000000  2 2 b b a   a b 2 2 a   0 0 0 0 0   0 0 0 0 0   0 0 0 0 0   0 0 0 
      -0.0000000000  2 2 a a b   a b 2 2 b   0 0 0 0 0   0 0 0 0 0   0 0 0 0 0   0 0 0 
      -0.0000000000  2 2 a b a   b a 2 2 b   0 0 0 0 0   0 0 0 0 0   0 0 0 0 0   0 0 0 
      -0.0000000000  2 2 b a b   a b 2 2 a   0 0 0 0 0   0 0 0 0 0   0 0 0 0 0   0 0 0 
       0.0000000000  2 2 b a b   b a 2 2 a   0 0 0 0 0   0 0 0 0 0   0 0 0 0 0   0 0 0 
       0.0000000000  2 2 a b a   a b 2 2 b   0 0 0 0 0   0 0 0 0 0   0 0 0 0 0   0 0 0 
      -0.0000000000  2 2 2 a 0   b b 2 2 a   0 0 0 0 0   0 0 0 0 0   0 0 0 0 0   0 0 0 
      -0.0000000000  2 2 2 b 0   a a 2 2 b   0 0 0 0 0   0 0 0 0 0   0 0 0 0 0   0 0 0 
       0.0000000000  2 2 2 2 2   a b 0 0 2   0 0 0 0 0   0 0 0 0 0   0 0 0 0 0   0 0 0 
       0.0000000000  2 2 2 0 2   a b 2 2 0   0 0 0 0 0   0 0 0 0 0   0 0 0 0 0   0 0 0 
       0.0000000000  2 2 2 2 0   a b 2 2 0   0 0 0 0 0   0 0 0 0 0   0 0 0 0 0   0 0 0 
      -0.0000000000  2 2 2 0 2   2 2 a b 0   0 0 0 0 0   0 0 0 0 0   0 0 0 0 0   0 0 0 
       0.0000000000  2 2 2 2 2   b a 0 0 2   0 0 0 0 0   0 0 0 0 0   0 0 0 0 0   0 0 0 
       0.0000000000  2 2 0 2 2   a b 2 2 0   0 0 0 0 0   0 0 0 0 0   0 0 0 0 0   0 0 0 
      -0.0000000000  2 2 0 2 2   2 2 a b 0   0 0 0 0 0   0 0 0 0 0   0 0 0 0 0   0 0 0 
       0.0000000000  2 2 0 2 2   2 2 b a 0   0 0 0 0 0   0 0 0 0 0   0 0 0 0 0   0 0 0 
       0.0000000000  2 2 2 2 0   2 2 b a 0   0 0 0 0 0   0 0 0 0 0   0 0 0 0 0   0 0 0 
      -0.0000000000  2 2 2 2 0   2 2 a b 0   0 0 0 0 0   0 0 0 0 0   0 0 0 0 0   0 0 0 
       0.0000000000  2 2 2 2 0   b a 2 2 0   0 0 0 0 0   0 0 0 0 0   0 0 0 0 0   0 0 0 
       0.0000000000  2 2 0 2 2   b a 2 2 0   0 0 0 0 0   0 0 0 0 0   0 0 0 0 0   0 0 0 
       0.0000000000  2 2 2 0 2   2 2 b a 0   0 0 0 0 0   0 0 0 0 0   0 0 0 0 0   0 0 0 
       0.0000000000  2 2 2 2 2   0 0 b a 2   0 0 0 0 0   0 0 0 0 0   0 0 0 0 0   0 0 0 
      -0.0000000000  2 2 2 2 2   0 0 a b 2   0 0 0 0 0   0 0 0 0 0   0 0 0 0 0   0 0 0 
      -0.0000000000  2 2 0 2 0   a b 2 2 2   0 0 0 0 0   0 0 0 0 0   0 0 0 0 0   0 0 0 
      -0.0000000000  2 2 0 2 0   b a 2 2 2   0 0 0 0 0   0 0 0 0 0   0 0 0 0 0   0 0 0 
       0.0000000000  2 2 2 0 2   b a 2 2 0   0 0 0 0 0   0 0 0 0 0   0 0 0 0 0   0 0 0 
       0.0000000000  2 2 0 2 0   2 2 b a 2   0 0 0 0 0   0 0 0 0 0   0 0 0 0 0   0 0 0 
      -0.0000000000  2 2 0 2 0   2 2 a b 2   0 0 0 0 0   0 0 0 0 0   0 0 0 0 0   0 0 0 
      -0.0000000000  2 2 2 0 0   b a 2 2 2   0 0 0 0 0   0 0 0 0 0   0 0 0 0 0   0 0 0 
       0.0000000000  2 2 2 0 0   2 2 a b 2   0 0 0 0 0   0 0 0 0 0   0 0 0 0 0   0 0 0 
      -0.0000000000  2 2 0 0 2   a b 2 2 2   0 0 0 0 0   0 0 0 0 0   0 0 0 0 0   0 0 0 
       0.0000000000  2 2 0 0 2   2 2 a b 2   0 0 0 0 0   0 0 0 0 0   0 0 0 0 0   0 0 0 
       0.0000000000  2 2 0 0 2   b a 2 2 2   0 0 0 0 0   0 0 0 0 0   0 0 0 0 0   0 0 0 
      -0.0000000000  2 2 2 0 0   a b 2 2 2   0 0 0 0 0   0 0 0 0 0   0 0 0 0 0   0 0 0 
      -0.0000000000  2 2 0 0 2   2 2 b a 2   0 0 0 0 0   0 0 0 0 0   0 0 0 0 0   0 0 0 
      -0.0000000000  2 2 2 0 0   2 2 b a 2   0 0 0 0 0   0 0 0 0 0   0 0 0 0 0   0 0 0 
