-15.6757542170503
-15.663618731871694
-1.302327327379655
-0.8206458359595331
-0.5712563737048973
-0.49121859740678886
-0.49121859740679025
0.1371993683698809
0.13719936836987298
0.6712849071950377
0.7661558474606839
0.9216522087415412
0.9275452460647566
0.9275452460647838
0.9630707254708277
0.9630707254708439
0.9999666694785747
1.474220742673621
1.7440790488825932
1.7440790488826043
1.8555099175149874
1.8555099175149992
2.1854011580734887
2.1854011580734904
2.5267576703479087
2.757444267322972
2.7574442673229753
3.06599286029914
